           0
  1.140000000000000E-004  1.740000000000000E-004 -1.302000000000000E-003
  1.150000000000000E-004  1.760000000000000E-004 -1.318000000000000E-003
  1.170000000000000E-004  1.780000000000000E-004 -1.335000000000000E-003
  1.180000000000000E-004  1.810000000000000E-004 -1.352000000000000E-003
  1.200000000000000E-004  1.830000000000000E-004 -1.368000000000000E-003
  1.210000000000000E-004  1.850000000000000E-004 -1.386000000000000E-003
  1.230000000000000E-004  1.880000000000000E-004 -1.403000000000000E-003
  1.240000000000000E-004  1.900000000000000E-004 -1.421000000000000E-003
  1.260000000000000E-004  1.920000000000000E-004 -1.439000000000000E-003
  1.280000000000000E-004  1.950000000000000E-004 -1.457000000000000E-003
  1.290000000000000E-004  1.970000000000000E-004 -1.475000000000000E-003
  1.310000000000000E-004  2.000000000000000E-004 -1.494000000000000E-003
  1.320000000000000E-004  2.020000000000000E-004 -1.512000000000000E-003
  1.340000000000000E-004  2.050000000000000E-004 -1.531000000000000E-003
  1.360000000000000E-004  2.070000000000000E-004 -1.551000000000000E-003
  1.370000000000000E-004  2.100000000000000E-004 -1.570000000000000E-003
  1.390000000000000E-004  2.130000000000000E-004 -1.590000000000000E-003
  1.410000000000000E-004  2.150000000000000E-004 -1.610000000000000E-003
  1.430000000000000E-004  2.180000000000000E-004 -1.630000000000000E-003
  1.450000000000000E-004  2.210000000000000E-004 -1.650000000000000E-003
  1.460000000000000E-004  2.230000000000000E-004 -1.671000000000000E-003
  1.480000000000000E-004  2.260000000000000E-004 -1.692000000000000E-003
  1.500000000000000E-004  2.290000000000000E-004 -1.713000000000000E-003
  1.520000000000000E-004  2.320000000000000E-004 -1.735000000000000E-003
  1.540000000000000E-004  2.350000000000000E-004 -1.757000000000000E-003
  1.560000000000000E-004  2.380000000000000E-004 -1.779000000000000E-003
  1.580000000000000E-004  2.410000000000000E-004 -1.801000000000000E-003
  1.600000000000000E-004  2.440000000000000E-004 -1.824000000000000E-003
  1.620000000000000E-004  2.470000000000000E-004 -1.847000000000000E-003
  1.640000000000000E-004  2.500000000000000E-004 -1.870000000000000E-003
  1.660000000000000E-004  2.530000000000000E-004 -1.893000000000000E-003
  1.680000000000000E-004  2.560000000000000E-004 -1.917000000000000E-003
  1.700000000000000E-004  2.600000000000000E-004 -1.941000000000000E-003
  1.720000000000000E-004  2.630000000000000E-004 -1.966000000000000E-003
  1.740000000000000E-004  2.660000000000000E-004 -1.990000000000000E-003
  1.770000000000000E-004  2.690000000000000E-004 -2.015000000000000E-003
  1.790000000000000E-004  2.730000000000000E-004 -2.041000000000000E-003
  1.810000000000000E-004  2.760000000000000E-004 -2.066000000000000E-003
  1.830000000000000E-004  2.800000000000000E-004 -2.092000000000000E-003
  1.860000000000000E-004  2.830000000000000E-004 -2.118000000000000E-003
  1.880000000000000E-004  2.870000000000000E-004 -2.145000000000000E-003
  1.900000000000000E-004  2.900000000000000E-004 -2.172000000000000E-003
  1.930000000000000E-004  2.940000000000000E-004 -2.199000000000000E-003
  1.950000000000000E-004  2.980000000000000E-004 -2.227000000000000E-003
  1.980000000000000E-004  3.020000000000000E-004 -2.255000000000000E-003
  2.000000000000000E-004  3.050000000000000E-004 -2.283000000000000E-003
  2.030000000000000E-004  3.090000000000000E-004 -2.312000000000000E-003
  2.050000000000000E-004  3.130000000000000E-004 -2.341000000000000E-003
  2.080000000000000E-004  3.170000000000000E-004 -2.370000000000000E-003
  2.100000000000000E-004  3.210000000000000E-004 -2.400000000000000E-003
  2.130000000000000E-004  3.250000000000000E-004 -2.430000000000000E-003
  2.160000000000000E-004  3.290000000000000E-004 -2.461000000000000E-003
  2.180000000000000E-004  3.330000000000000E-004 -2.492000000000000E-003
  2.210000000000000E-004  3.370000000000000E-004 -2.523000000000000E-003
  2.240000000000000E-004  3.420000000000000E-004 -2.555000000000000E-003
  2.270000000000000E-004  3.460000000000000E-004 -2.587000000000000E-003
  2.300000000000000E-004  3.500000000000000E-004 -2.619000000000000E-003
  2.320000000000000E-004  3.550000000000000E-004 -2.652000000000000E-003
  2.350000000000000E-004  3.590000000000000E-004 -2.685000000000000E-003
  2.380000000000000E-004  3.640000000000000E-004 -2.719000000000000E-003
  2.410000000000000E-004  3.680000000000000E-004 -2.753000000000000E-003
  2.440000000000000E-004  3.730000000000000E-004 -2.788000000000000E-003
  2.470000000000000E-004  3.780000000000000E-004 -2.823000000000000E-003
  2.510000000000000E-004  3.820000000000000E-004 -2.858000000000000E-003
  2.540000000000000E-004  3.870000000000000E-004 -2.894000000000000E-003
  2.570000000000000E-004  3.920000000000000E-004 -2.930000000000000E-003
  2.600000000000000E-004  3.970000000000000E-004 -2.967000000000000E-003
  2.630000000000000E-004  4.020000000000000E-004 -3.004000000000000E-003
  2.670000000000000E-004  4.070000000000000E-004 -3.042000000000000E-003
  2.700000000000000E-004  4.120000000000000E-004 -3.080000000000000E-003
  2.730000000000000E-004  4.170000000000000E-004 -3.119000000000000E-003
  2.770000000000000E-004  4.230000000000000E-004 -3.158000000000000E-003
  2.800000000000000E-004  4.280000000000000E-004 -3.198000000000000E-003
  2.840000000000000E-004  4.330000000000000E-004 -3.238000000000000E-003
  2.870000000000000E-004  4.390000000000000E-004 -3.278000000000000E-003
  2.910000000000000E-004  4.440000000000000E-004 -3.320000000000000E-003
  2.950000000000000E-004  4.500000000000000E-004 -3.361000000000000E-003
  2.980000000000000E-004  4.560000000000000E-004 -3.403000000000000E-003
  3.020000000000000E-004  4.610000000000000E-004 -3.446000000000000E-003
  3.060000000000000E-004  4.670000000000000E-004 -3.489000000000000E-003
  3.100000000000000E-004  4.730000000000000E-004 -3.533000000000000E-003
  3.140000000000000E-004  4.790000000000000E-004 -3.577000000000000E-003
  3.180000000000000E-004  4.850000000000000E-004 -3.622000000000000E-003
  3.220000000000000E-004  4.910000000000000E-004 -3.668000000000000E-003
  3.260000000000000E-004  4.970000000000000E-004 -3.714000000000000E-003
  3.300000000000000E-004  5.030000000000000E-004 -3.760000000000000E-003
  3.340000000000000E-004  5.100000000000000E-004 -3.808000000000000E-003
  3.380000000000000E-004  5.160000000000000E-004 -3.855000000000000E-003
  3.420000000000000E-004  5.230000000000000E-004 -3.904000000000000E-003
  3.470000000000000E-004  5.290000000000000E-004 -3.953000000000000E-003
  3.510000000000000E-004  5.360000000000000E-004 -4.002000000000000E-003
  3.560000000000000E-004  5.430000000000000E-004 -4.052000000000000E-003
  3.600000000000000E-004  5.500000000000000E-004 -4.103000000000000E-003
  3.650000000000000E-004  5.560000000000000E-004 -4.155000000000000E-003
  3.690000000000000E-004  5.630000000000000E-004 -4.207000000000000E-003
  3.740000000000000E-004  5.710000000000000E-004 -4.260000000000000E-003
  3.780000000000000E-004  5.780000000000000E-004 -4.313000000000000E-003
  3.830000000000000E-004  5.850000000000000E-004 -4.367000000000000E-003
  3.880000000000000E-004  5.920000000000000E-004 -4.422000000000000E-003
  3.930000000000000E-004  5.999999999999999E-004 -4.477000000000000E-003
  3.980000000000000E-004  6.070000000000000E-004 -4.533000000000000E-003
  4.030000000000000E-004  6.150000000000000E-004 -4.590000000000000E-003
  4.080000000000000E-004  6.230000000000000E-004 -4.648000000000000E-003
  4.130000000000000E-004  6.310000000000001E-004 -4.706000000000000E-003
  4.180000000000000E-004  6.380000000000000E-004 -4.765000000000000E-003
  4.240000000000000E-004  6.460000000000000E-004 -4.825000000000000E-003
  4.290000000000000E-004  6.550000000000000E-004 -4.885000000000000E-003
  4.340000000000000E-004  6.630000000000000E-004 -4.947000000000000E-003
  4.400000000000000E-004  6.710000000000000E-004 -5.009000000000000E-003
  4.450000000000000E-004  6.800000000000000E-004 -5.071000000000000E-003
  4.510000000000000E-004  6.880000000000000E-004 -5.135000000000000E-003
  4.560000000000000E-004  6.970000000000000E-004 -5.199000000000000E-003
  4.620000000000000E-004  7.060000000000000E-004 -5.264000000000000E-003
  4.680000000000000E-004  7.140000000000000E-004 -5.330000000000000E-003
  4.740000000000000E-004  7.230000000000000E-004 -5.397000000000000E-003
  4.800000000000000E-004  7.330000000000000E-004 -5.465000000000000E-003
  4.860000000000000E-004  7.420000000000000E-004 -5.533000000000000E-003
  4.920000000000000E-004  7.510000000000000E-004 -5.603000000000000E-003
  4.980000000000000E-004  7.610000000000000E-004 -5.673000000000000E-003
  5.050000000000000E-004  7.700000000000000E-004 -5.744000000000000E-003
  5.110000000000000E-004  7.800000000000000E-004 -5.816000000000000E-003
  5.170000000000000E-004  7.900000000000000E-004 -5.889000000000000E-003
  5.240000000000001E-004  8.000000000000000E-004 -5.962000000000000E-003
  5.300000000000000E-004  8.100000000000000E-004 -6.037000000000000E-003
  5.370000000000000E-004  8.200000000000000E-004 -6.113000000000000E-003
  5.440000000000000E-004  8.300000000000000E-004 -6.189000000000000E-003
  5.509999999999999E-004  8.410000000000000E-004 -6.267000000000000E-003
  5.580000000000000E-004  8.510000000000000E-004 -6.345000000000000E-003
  5.650000000000000E-004  8.620000000000000E-004 -6.425000000000000E-003
  5.720000000000000E-004  8.730000000000000E-004 -6.505000000000000E-003
  5.790000000000000E-004  8.840000000000000E-004 -6.587000000000000E-003
  5.860000000000000E-004  8.950000000000000E-004 -6.669000000000000E-003
  5.940000000000000E-004  9.060000000000000E-004 -6.752000000000000E-003
  6.010000000000000E-004  9.170000000000000E-004 -6.837000000000000E-003
  6.089999999999999E-004  9.290000000000000E-004 -6.923000000000000E-003
  6.160000000000000E-004  9.410000000000000E-004 -7.009000000000000E-003
  6.240000000000000E-004  9.520000000000000E-004 -7.097000000000000E-003
  6.320000000000000E-004  9.640000000000000E-004 -7.186000000000000E-003
  6.400000000000001E-004  9.770000000000000E-004 -7.276000000000000E-003
  6.480000000000000E-004  9.890000000000001E-004 -7.367000000000000E-003
  6.560000000000000E-004  1.001000000000000E-003 -7.459000000000000E-003
  6.640000000000000E-004  1.014000000000000E-003 -7.552000000000000E-003
  6.730000000000000E-004  1.027000000000000E-003 -7.647000000000000E-003
  6.810000000000000E-004  1.040000000000000E-003 -7.742000000000000E-003
  6.900000000000000E-004  1.053000000000000E-003 -7.839000000000000E-003
  6.980000000000001E-004  1.066000000000000E-003 -7.937000000000000E-003
  7.069999999999999E-004  1.079000000000000E-003 -8.036000000000000E-003
  7.159999999999999E-004  1.093000000000000E-003 -8.137000000000000E-003
  7.250000000000000E-004  1.107000000000000E-003 -8.239000000000000E-003
  7.340000000000000E-004  1.121000000000000E-003 -8.342000000000000E-003
  7.430000000000000E-004  1.135000000000000E-003 -8.446000000000000E-003
  7.530000000000000E-004  1.149000000000000E-003 -8.552000000000001E-003
  7.620000000000000E-004  1.163000000000000E-003 -8.659000000000000E-003
  7.720000000000000E-004  1.178000000000000E-003 -8.767000000000000E-003
  7.810000000000000E-004  1.193000000000000E-003 -8.876000000000000E-003
  7.910000000000000E-004  1.208000000000000E-003 -8.987000000000000E-003
  8.010000000000000E-004  1.223000000000000E-003 -9.100000000000000E-003
  8.110000000000000E-004  1.238000000000000E-003 -9.213000000000001E-003
  8.210000000000000E-004  1.254000000000000E-003 -9.327999999999999E-003
  8.319999999999999E-004  1.270000000000000E-003 -9.445000000000000E-003
  8.420000000000000E-004  1.286000000000000E-003 -9.563000000000000E-003
  8.530000000000000E-004  1.302000000000000E-003 -9.682000000000000E-003
  8.640000000000000E-004  1.318000000000000E-003 -9.802999999999999E-003
  8.740000000000000E-004  1.335000000000000E-003 -9.926000000000001E-003
  8.850000000000000E-004  1.352000000000000E-003 -1.005000000000000E-002
  8.970000000000000E-004  1.369000000000000E-003 -1.017500000000000E-002
  9.080000000000000E-004  1.386000000000000E-003 -1.030200000000000E-002
  9.190000000000000E-004  1.403000000000000E-003 -1.043100000000000E-002
  9.310000000000000E-004  1.421000000000000E-003 -1.056100000000000E-002
  9.430000000000000E-004  1.439000000000000E-003 -1.069300000000000E-002
  9.540000000000000E-004  1.457000000000000E-003 -1.082700000000000E-002
  9.660000000000000E-004  1.475000000000000E-003 -1.096200000000000E-002
  9.790000000000001E-004  1.494000000000000E-003 -1.109800000000000E-002
  9.909999999999999E-004  1.513000000000000E-003 -1.123700000000000E-002
  1.003000000000000E-003  1.532000000000000E-003 -1.137700000000000E-002
  1.016000000000000E-003  1.551000000000000E-003 -1.151900000000000E-002
  1.029000000000000E-003  1.570000000000000E-003 -1.166300000000000E-002
  1.042000000000000E-003  1.590000000000000E-003 -1.180800000000000E-002
  1.055000000000000E-003  1.610000000000000E-003 -1.195600000000000E-002
  1.068000000000000E-003  1.630000000000000E-003 -1.210500000000000E-002
  1.081000000000000E-003  1.651000000000000E-003 -1.225600000000000E-002
  1.095000000000000E-003  1.672000000000000E-003 -1.240800000000000E-002
  1.109000000000000E-003  1.693000000000000E-003 -1.256300000000000E-002
  1.123000000000000E-003  1.714000000000000E-003 -1.272000000000000E-002
  1.137000000000000E-003  1.736000000000000E-003 -1.287800000000000E-002
  1.151000000000000E-003  1.757000000000000E-003 -1.303900000000000E-002
  1.166000000000000E-003  1.779000000000000E-003 -1.320100000000000E-002
  1.180000000000000E-003  1.802000000000000E-003 -1.336600000000000E-002
  1.195000000000000E-003  1.824000000000000E-003 -1.353200000000000E-002
  1.210000000000000E-003  1.847000000000000E-003 -1.370100000000000E-002
  1.225000000000000E-003  1.871000000000000E-003 -1.387100000000000E-002
  1.241000000000000E-003  1.894000000000000E-003 -1.404400000000000E-002
  1.256000000000000E-003  1.918000000000000E-003 -1.421900000000000E-002
  1.272000000000000E-003  1.942000000000000E-003 -1.439600000000000E-002
  1.288000000000000E-003  1.967000000000000E-003 -1.457500000000000E-002
  1.304000000000000E-003  1.991000000000000E-003 -1.475600000000000E-002
  1.321000000000000E-003  2.016000000000000E-003 -1.494000000000000E-002
  1.338000000000000E-003  2.042000000000000E-003 -1.512600000000000E-002
  1.354000000000000E-003  2.067000000000000E-003 -1.531400000000000E-002
  1.371000000000000E-003  2.093000000000000E-003 -1.550500000000000E-002
  1.389000000000000E-003  2.120000000000000E-003 -1.569800000000000E-002
  1.406000000000000E-003  2.146000000000000E-003 -1.589300000000000E-002
  1.424000000000000E-003  2.173000000000000E-003 -1.609000000000000E-002
  1.442000000000000E-003  2.201000000000000E-003 -1.629000000000000E-002
  1.460000000000000E-003  2.228000000000000E-003 -1.649300000000000E-002
  1.478000000000000E-003  2.256000000000000E-003 -1.669800000000000E-002
  1.497000000000000E-003  2.285000000000000E-003 -1.690500000000000E-002
  1.516000000000000E-003  2.314000000000000E-003 -1.711500000000000E-002
  1.535000000000000E-003  2.343000000000000E-003 -1.732800000000000E-002
  1.554000000000000E-003  2.372000000000000E-003 -1.754300000000000E-002
  1.574000000000000E-003  2.402000000000000E-003 -1.776100000000000E-002
  1.593000000000000E-003  2.432000000000000E-003 -1.798200000000000E-002
  1.613000000000000E-003  2.463000000000000E-003 -1.820500000000000E-002
  1.634000000000000E-003  2.494000000000000E-003 -1.843100000000000E-002
  1.654000000000000E-003  2.525000000000000E-003 -1.866000000000000E-002
  1.675000000000000E-003  2.557000000000000E-003 -1.889100000000000E-002
  1.696000000000000E-003  2.589000000000000E-003 -1.912600000000000E-002
  1.717000000000000E-003  2.622000000000000E-003 -1.936300000000000E-002
  1.739000000000000E-003  2.655000000000000E-003 -1.960300000000000E-002
  1.761000000000000E-003  2.688000000000000E-003 -1.984600000000000E-002
  1.783000000000000E-003  2.722000000000000E-003 -2.009200000000000E-002
  1.805000000000000E-003  2.756000000000000E-003 -2.034100000000000E-002
  1.828000000000000E-003  2.791000000000000E-003 -2.059300000000000E-002
  1.851000000000000E-003  2.826000000000000E-003 -2.084800000000000E-002
  1.874000000000000E-003  2.861000000000000E-003 -2.110700000000000E-002
  1.898000000000000E-003  2.897000000000000E-003 -2.136800000000000E-002
  1.922000000000000E-003  2.934000000000000E-003 -2.163300000000000E-002
  1.946000000000000E-003  2.971000000000000E-003 -2.190100000000000E-002
  1.971000000000000E-003  3.008000000000000E-003 -2.217200000000000E-002
  1.995000000000000E-003  3.046000000000000E-003 -2.244600000000000E-002
  2.020000000000000E-003  3.084000000000000E-003 -2.272400000000000E-002
  2.046000000000000E-003  3.123000000000000E-003 -2.300500000000000E-002
  2.072000000000000E-003  3.162000000000000E-003 -2.328900000000000E-002
  2.098000000000000E-003  3.202000000000000E-003 -2.357700000000000E-002
  2.124000000000000E-003  3.242000000000000E-003 -2.386900000000000E-002
  2.151000000000000E-003  3.283000000000000E-003 -2.416400000000000E-002
  2.178000000000000E-003  3.324000000000000E-003 -2.446300000000000E-002
  2.205000000000000E-003  3.366000000000000E-003 -2.476500000000000E-002
  2.233000000000000E-003  3.409000000000000E-003 -2.507100000000000E-002
  2.261000000000000E-003  3.451000000000000E-003 -2.538000000000000E-002
  2.289000000000000E-003  3.495000000000000E-003 -2.569400000000000E-002
  2.318000000000000E-003  3.539000000000000E-003 -2.601100000000000E-002
  2.347000000000000E-003  3.583000000000000E-003 -2.633200000000000E-002
  2.377000000000000E-003  3.628000000000000E-003 -2.665700000000000E-002
  2.407000000000000E-003  3.674000000000000E-003 -2.698500000000000E-002
  2.437000000000000E-003  3.720000000000000E-003 -2.731800000000000E-002
  2.468000000000000E-003  3.767000000000000E-003 -2.765500000000000E-002
  2.499000000000000E-003  3.814000000000000E-003 -2.799600000000000E-002
  2.530000000000000E-003  3.862000000000000E-003 -2.834100000000000E-002
  2.562000000000000E-003  3.911000000000000E-003 -2.869000000000000E-002
  2.594000000000000E-003  3.960000000000000E-003 -2.904300000000000E-002
  2.627000000000000E-003  4.010000000000000E-003 -2.940100000000000E-002
  2.660000000000000E-003  4.060000000000000E-003 -2.976300000000000E-002
  2.693000000000000E-003  4.112000000000000E-003 -3.012900000000000E-002
  2.727000000000000E-003  4.163000000000000E-003 -3.049900000000000E-002
  2.762000000000000E-003  4.216000000000000E-003 -3.087500000000000E-002
  2.796000000000000E-003  4.269000000000000E-003 -3.125400000000000E-002
  2.832000000000000E-003  4.322000000000000E-003 -3.163800000000000E-002
  2.867000000000000E-003  4.377000000000000E-003 -3.202700000000000E-002
  2.903000000000000E-003  4.432000000000000E-003 -3.242000000000000E-002
  2.940000000000000E-003  4.488000000000000E-003 -3.281900000000000E-002
  2.977000000000000E-003  4.544000000000000E-003 -3.322100000000000E-002
  3.014000000000000E-003  4.601000000000000E-003 -3.362900000000000E-002
  3.052000000000000E-003  4.659000000000000E-003 -3.404200000000000E-002
  3.090000000000000E-003  4.718000000000000E-003 -3.445900000000000E-002
  3.129000000000000E-003  4.777000000000000E-003 -3.488200000000000E-002
  3.169000000000000E-003  4.837000000000000E-003 -3.530900000000000E-002
  3.209000000000000E-003  4.898000000000000E-003 -3.574200000000000E-002
  3.249000000000000E-003  4.959000000000000E-003 -3.618000000000000E-002
  3.290000000000000E-003  5.022000000000000E-003 -3.662300000000000E-002
  3.331000000000000E-003  5.085000000000000E-003 -3.707100000000000E-002
  3.373000000000000E-003  5.149000000000000E-003 -3.752400000000000E-002
  3.415000000000000E-003  5.214000000000000E-003 -3.798300000000000E-002
  3.458000000000000E-003  5.279000000000000E-003 -3.844800000000000E-002
  3.502000000000000E-003  5.346000000000000E-003 -3.891800000000000E-002
  3.546000000000000E-003  5.413000000000000E-003 -3.939300000000000E-002
  3.591000000000000E-003  5.481000000000000E-003 -3.987400000000000E-002
  3.636000000000000E-003  5.550000000000000E-003 -4.036100000000000E-002
  3.681000000000000E-003  5.620000000000000E-003 -4.085400000000000E-002
  3.728000000000000E-003  5.691000000000000E-003 -4.135200000000000E-002
  3.775000000000000E-003  5.762000000000000E-003 -4.185600000000000E-002
  3.822000000000000E-003  5.835000000000000E-003 -4.236700000000000E-002
  3.870000000000000E-003  5.908000000000000E-003 -4.288300000000000E-002
  3.919000000000000E-003  5.982000000000000E-003 -4.340500000000000E-002
  3.968000000000000E-003  6.058000000000000E-003 -4.393400000000000E-002
  4.018000000000000E-003  6.134000000000000E-003 -4.446800000000000E-002
  4.069000000000000E-003  6.211000000000000E-003 -4.500900000000000E-002
  4.120000000000000E-003  6.289000000000000E-003 -4.555600000000000E-002
  4.172000000000000E-003  6.368000000000000E-003 -4.611000000000000E-002
  4.224000000000000E-003  6.448000000000000E-003 -4.667000000000000E-002
  4.277000000000000E-003  6.529000000000000E-003 -4.723700000000000E-002
  4.331000000000000E-003  6.611000000000000E-003 -4.781000000000000E-002
  4.386000000000000E-003  6.695000000000000E-003 -4.839000000000000E-002
  4.441000000000000E-003  6.779000000000000E-003 -4.897700000000000E-002
  4.497000000000000E-003  6.864000000000000E-003 -4.957100000000000E-002
  4.553000000000000E-003  6.950000000000000E-003 -5.017100000000000E-002
  4.610000000000000E-003  7.038000000000000E-003 -5.077900000000000E-002
  4.668000000000000E-003  7.126000000000000E-003 -5.139300000000000E-002
  4.727000000000000E-003  7.216000000000000E-003 -5.201500000000000E-002
  4.787000000000000E-003  7.307000000000000E-003 -5.264400000000000E-002
  4.847000000000000E-003  7.399000000000000E-003 -5.328000000000000E-002
  4.908000000000000E-003  7.492000000000000E-003 -5.392400000000000E-002
  4.969000000000000E-003  7.586000000000000E-003 -5.457500000000000E-002
  5.032000000000000E-003  7.681000000000000E-003 -5.523300000000000E-002
  5.095000000000000E-003  7.778000000000000E-003 -5.589900000000000E-002
  5.159000000000000E-003  7.875999999999999E-003 -5.657300000000000E-002
  5.224000000000000E-003  7.974999999999999E-003 -5.725500000000000E-002
  5.290000000000000E-003  8.075000000000001E-003 -5.794400000000000E-002
  5.357000000000000E-003  8.177000000000000E-003 -5.864100000000000E-002
  5.424000000000000E-003  8.279999999999999E-003 -5.934600000000000E-002
  5.492000000000000E-003  8.384000000000001E-003 -6.005900000000000E-002
  5.561000000000000E-003  8.489000000000000E-003 -6.078100000000000E-002
  5.631000000000000E-003  8.595999999999999E-003 -6.151000000000000E-002
  5.702000000000000E-003  8.704000000000000E-003 -6.224800000000000E-002
  5.774000000000000E-003  8.814000000000001E-003 -6.299500000000000E-002
  5.846000000000000E-003  8.925000000000001E-003 -6.374900000000000E-002
  5.920000000000000E-003  9.037000000000000E-003 -6.451300000000000E-002
  5.994000000000000E-003  9.150000000000000E-003 -6.528500000000000E-002
  6.070000000000000E-003  9.266000000000000E-003 -6.606500000000000E-002
  6.146000000000000E-003  9.382000000000000E-003 -6.685500000000000E-002
  6.223000000000000E-003  9.500000000000000E-003 -6.765300000000000E-002
  6.302000000000000E-003  9.620000000000000E-003 -6.846099999999999E-002
  6.381000000000000E-003  9.741000000000000E-003 -6.927700000000001E-002
  6.461000000000000E-003  9.863000000000000E-003 -7.010300000000000E-002
  6.542000000000000E-003  9.986999999999999E-003 -7.093800000000000E-002
  6.625000000000000E-003  1.011300000000000E-002 -7.178200000000000E-002
  6.708000000000000E-003  1.024000000000000E-002 -7.263600000000001E-002
  6.792000000000000E-003  1.036900000000000E-002 -7.349899999999999E-002
  6.878000000000000E-003  1.049900000000000E-002 -7.437199999999999E-002
  6.964000000000000E-003  1.063100000000000E-002 -7.525500000000000E-002
  7.052000000000000E-003  1.076500000000000E-002 -7.614700000000001E-002
  7.141000000000000E-003  1.090000000000000E-002 -7.704900000000001E-002
  7.231000000000000E-003  1.103800000000000E-002 -7.796100000000000E-002
  7.321000000000000E-003  1.117600000000000E-002 -7.888299999999999E-002
  7.414000000000000E-003  1.131700000000000E-002 -7.981600000000000E-002
  7.507000000000000E-003  1.145900000000000E-002 -8.075800000000000E-002
  7.601000000000000E-003  1.160300000000000E-002 -8.171100000000001E-002
  7.697000000000000E-003  1.174900000000000E-002 -8.267500000000000E-002
  7.794000000000000E-003  1.189700000000000E-002 -8.364900000000000E-002
  7.892000000000000E-003  1.204700000000000E-002 -8.463300000000000E-002
  7.991000000000000E-003  1.219800000000000E-002 -8.562900000000000E-002
  8.090999999999999E-003  1.235200000000000E-002 -8.663500000000000E-002
  8.193000000000001E-003  1.250700000000000E-002 -8.765199999999999E-002
  8.296000000000000E-003  1.266500000000000E-002 -8.867999999999999E-002
  8.401000000000000E-003  1.282400000000000E-002 -8.971899999999999E-002
  8.506000000000000E-003  1.298500000000000E-002 -9.076900000000000E-002
  8.613000000000001E-003  1.314800000000000E-002 -9.183100000000000E-002
  8.722000000000001E-003  1.331400000000000E-002 -9.290400000000000E-002
  8.831000000000000E-003  1.348100000000000E-002 -9.398800000000000E-002
  8.942000000000000E-003  1.365100000000000E-002 -9.508400000000000E-002
  9.055000000000001E-003  1.382300000000000E-002 -9.619200000000000E-002
  9.169000000000000E-003  1.399600000000000E-002 -9.731099999999999E-002
  9.284000000000001E-003  1.417300000000000E-002 -9.844200000000000E-002
  9.401000000000000E-003  1.435100000000000E-002 -9.958599999999999E-002
  9.519000000000000E-003  1.453100000000000E-002 -0.100741000000000     
  9.639000000000000E-003  1.471400000000000E-002 -0.101908000000000     
  9.760000000000000E-003  1.489900000000000E-002 -0.103088000000000     
  9.882999999999999E-003  1.508700000000000E-002 -0.104280000000000     
  1.000700000000000E-002  1.527600000000000E-002 -0.105484000000000     
  1.013300000000000E-002  1.546900000000000E-002 -0.106701000000000     
  1.026100000000000E-002  1.566300000000000E-002 -0.107931000000000     
  1.039000000000000E-002  1.586000000000000E-002 -0.109173000000000     
  1.052000000000000E-002  1.606000000000000E-002 -0.110428000000000     
  1.065300000000000E-002  1.626200000000000E-002 -0.111696000000000     
  1.078700000000000E-002  1.646600000000000E-002 -0.112977000000000     
  1.092200000000000E-002  1.667300000000000E-002 -0.114271000000000     
  1.106000000000000E-002  1.688300000000000E-002 -0.115579000000000     
  1.119900000000000E-002  1.709500000000000E-002 -0.116899000000000     
  1.134000000000000E-002  1.731000000000000E-002 -0.118233000000000     
  1.148200000000000E-002  1.752800000000000E-002 -0.119580000000000     
  1.162700000000000E-002  1.774900000000000E-002 -0.120941000000000     
  1.177300000000000E-002  1.797200000000000E-002 -0.122316000000000     
  1.192100000000000E-002  1.819800000000000E-002 -0.123704000000000     
  1.207100000000000E-002  1.842700000000000E-002 -0.125106000000000     
  1.222300000000000E-002  1.865900000000000E-002 -0.126522000000000     
  1.237700000000000E-002  1.889300000000000E-002 -0.127952000000000     
  1.253200000000000E-002  1.913100000000000E-002 -0.129396000000000     
  1.269000000000000E-002  1.937200000000000E-002 -0.130854000000000     
  1.285000000000000E-002  1.961500000000000E-002 -0.132326000000000     
  1.301100000000000E-002  1.986200000000000E-002 -0.133812000000000     
  1.317500000000000E-002  2.011200000000000E-002 -0.135313000000000     
  1.334100000000000E-002  2.036500000000000E-002 -0.136829000000000     
  1.350800000000000E-002  2.062100000000000E-002 -0.138359000000000     
  1.367800000000000E-002  2.088000000000000E-002 -0.139903000000000     
  1.385000000000000E-002  2.114300000000000E-002 -0.141463000000000     
  1.402500000000000E-002  2.140900000000000E-002 -0.143037000000000     
  1.420100000000000E-002  2.167800000000000E-002 -0.144626000000000     
  1.438000000000000E-002  2.195100000000000E-002 -0.146230000000000     
  1.456100000000000E-002  2.222700000000000E-002 -0.147848000000000     
  1.474400000000000E-002  2.250700000000000E-002 -0.149482000000000     
  1.492900000000000E-002  2.279000000000000E-002 -0.151131000000000     
  1.511700000000000E-002  2.307700000000000E-002 -0.152795000000000     
  1.530700000000000E-002  2.336700000000000E-002 -0.154475000000000     
  1.550000000000000E-002  2.366100000000000E-002 -0.156169000000000     
  1.569500000000000E-002  2.395800000000000E-002 -0.157879000000000     
  1.589200000000000E-002  2.426000000000000E-002 -0.159605000000000     
  1.609200000000000E-002  2.456500000000000E-002 -0.161346000000000     
  1.629400000000000E-002  2.487400000000000E-002 -0.163102000000000     
  1.649900000000000E-002  2.518700000000000E-002 -0.164874000000000     
  1.670700000000000E-002  2.550400000000000E-002 -0.166661000000000     
  1.691700000000000E-002  2.582400000000000E-002 -0.168464000000000     
  1.713000000000000E-002  2.614900000000000E-002 -0.170283000000000     
  1.734500000000000E-002  2.647800000000000E-002 -0.172118000000000     
  1.756300000000000E-002  2.681100000000000E-002 -0.173968000000000     
  1.778400000000000E-002  2.714900000000000E-002 -0.175834000000000     
  1.800800000000000E-002  2.749000000000000E-002 -0.177716000000000     
  1.823400000000000E-002  2.783600000000000E-002 -0.179613000000000     
  1.846400000000000E-002  2.818600000000000E-002 -0.181527000000000     
  1.869600000000000E-002  2.854100000000000E-002 -0.183456000000000     
  1.893100000000000E-002  2.890000000000000E-002 -0.185401000000000     
  1.916900000000000E-002  2.926300000000000E-002 -0.187362000000000     
  1.941000000000000E-002  2.963100000000000E-002 -0.189339000000000     
  1.965500000000000E-002  3.000400000000000E-002 -0.191331000000000     
  1.990200000000000E-002  3.038100000000000E-002 -0.193340000000000     
  2.015200000000000E-002  3.076400000000000E-002 -0.195364000000000     
  2.040600000000000E-002  3.115100000000000E-002 -0.197404000000000     
  2.066200000000000E-002  3.154200000000000E-002 -0.199460000000000     
  2.092200000000000E-002  3.193900000000000E-002 -0.201532000000000     
  2.118500000000000E-002  3.234100000000000E-002 -0.203620000000000     
  2.145200000000000E-002  3.274800000000000E-002 -0.205723000000000     
  2.172200000000000E-002  3.316000000000000E-002 -0.207842000000000     
  2.199500000000000E-002  3.357700000000000E-002 -0.209976000000000     
  2.227200000000000E-002  3.399900000000000E-002 -0.212126000000000     
  2.255200000000000E-002  3.442700000000000E-002 -0.214292000000000     
  2.283500000000000E-002  3.486000000000000E-002 -0.216473000000000     
  2.312300000000000E-002  3.529900000000000E-002 -0.218670000000000     
  2.341400000000000E-002  3.574300000000000E-002 -0.220881000000000     
  2.370800000000000E-002  3.619200000000000E-002 -0.223108000000000     
  2.400600000000000E-002  3.664700000000000E-002 -0.225351000000000     
  2.430800000000000E-002  3.710900000000000E-002 -0.227608000000000     
  2.461400000000000E-002  3.757500000000000E-002 -0.229880000000000     
  2.492400000000000E-002  3.804800000000000E-002 -0.232167000000000     
  2.523700000000000E-002  3.852700000000000E-002 -0.234469000000000     
  2.555500000000000E-002  3.901100000000000E-002 -0.236785000000000     
  2.587600000000000E-002  3.950200000000000E-002 -0.239116000000000     
  2.620100000000000E-002  3.999900000000000E-002 -0.241461000000000     
  2.653100000000000E-002  4.050200000000000E-002 -0.243820000000000     
  2.686500000000000E-002  4.101200000000000E-002 -0.246193000000000     
  2.720300000000000E-002  4.152800000000000E-002 -0.248580000000000     
  2.754500000000000E-002  4.205000000000000E-002 -0.250981000000000     
  2.789100000000000E-002  4.257900000000000E-002 -0.253395000000000     
  2.824200000000000E-002  4.311500000000000E-002 -0.255823000000000     
  2.859700000000000E-002  4.365700000000000E-002 -0.258264000000000     
  2.895700000000000E-002  4.420600000000000E-002 -0.260717000000000     
  2.932100000000000E-002  4.476200000000000E-002 -0.263183000000000     
  2.969000000000000E-002  4.532500000000000E-002 -0.265662000000000     
  3.006400000000000E-002  4.589600000000000E-002 -0.268152000000000     
  3.044200000000000E-002  4.647300000000000E-002 -0.270655000000000     
  3.082500000000000E-002  4.705800000000000E-002 -0.273169000000000     
  3.121200000000000E-002  4.765000000000000E-002 -0.275695000000000     
  3.160500000000000E-002  4.824900000000000E-002 -0.278232000000000     
  3.200200000000000E-002  4.885600000000000E-002 -0.280780000000000     
  3.240500000000000E-002  4.947100000000000E-002 -0.283338000000000     
  3.281300000000000E-002  5.009300000000000E-002 -0.285906000000000     
  3.322500000000000E-002  5.072300000000000E-002 -0.288484000000000     
  3.364300000000000E-002  5.136200000000000E-002 -0.291071000000000     
  3.406600000000000E-002  5.200800000000000E-002 -0.293668000000000     
  3.449500000000000E-002  5.266200000000000E-002 -0.296273000000000     
  3.492900000000000E-002  5.332500000000000E-002 -0.298887000000000     
  3.536800000000000E-002  5.399500000000000E-002 -0.301509000000000     
  3.581300000000000E-002  5.467500000000000E-002 -0.304138000000000     
  3.626400000000000E-002  5.536300000000000E-002 -0.306774000000000     
  3.672000000000000E-002  5.605900000000000E-002 -0.309417000000000     
  3.718200000000000E-002  5.676400000000000E-002 -0.312067000000000     
  3.764900000000000E-002  5.747900000000000E-002 -0.314722000000000     
  3.812300000000000E-002  5.820200000000000E-002 -0.317382000000000     
  3.860200000000000E-002  5.893400000000000E-002 -0.320047000000000     
  3.908800000000000E-002  5.967500000000000E-002 -0.322716000000000     
  3.958000000000000E-002  6.042600000000000E-002 -0.325388000000000     
  4.007700000000000E-002  6.118700000000000E-002 -0.328064000000000     
  4.058200000000000E-002  6.195600000000000E-002 -0.330743000000000     
  4.109200000000000E-002  6.273600000000000E-002 -0.333423000000000     
  4.160900000000000E-002  6.352500000000000E-002 -0.336105000000000     
  4.213200000000000E-002  6.432499999999999E-002 -0.338787000000000     
  4.266200000000000E-002  6.513400000000000E-002 -0.341470000000000     
  4.319900000000000E-002  6.595300000000000E-002 -0.344152000000000     
  4.374200000000000E-002  6.678300000000000E-002 -0.346833000000000     
  4.429200000000000E-002  6.762400000000000E-002 -0.349511000000000     
  4.485000000000000E-002  6.847399999999999E-002 -0.352187000000000     
  4.541400000000000E-002  6.933599999999999E-002 -0.354860000000000     
  4.598500000000000E-002  7.020800000000001E-002 -0.357529000000000     
  4.656300000000000E-002  7.109200000000000E-002 -0.360192000000000     
  4.714900000000000E-002  7.198599999999999E-002 -0.362850000000000     
  4.774200000000000E-002  7.289200000000000E-002 -0.365501000000000     
  4.834300000000000E-002  7.380900000000000E-002 -0.368145000000000     
  4.895100000000000E-002  7.473800000000000E-002 -0.370781000000000     
  4.956600000000000E-002  7.567900000000000E-002 -0.373407000000000     
  5.019000000000000E-002  7.663100000000000E-002 -0.376024000000000     
  5.082100000000000E-002  7.759500000000000E-002 -0.378629000000000     
  5.146000000000000E-002  7.857200000000000E-002 -0.381223000000000     
  5.210800000000000E-002  7.956000000000001E-002 -0.383803000000000     
  5.276300000000000E-002  8.056199999999999E-002 -0.386370000000000     
  5.342700000000000E-002  8.157499999999999E-002 -0.388922000000000     
  5.409900000000000E-002  8.260199999999999E-002 -0.391458000000000     
  5.477900000000000E-002  8.364199999999999E-002 -0.393977000000000     
  5.546800000000000E-002  8.469400000000001E-002 -0.396477000000000     
  5.616600000000000E-002  8.576000000000000E-002 -0.398959000000000     
  5.687300000000000E-002  8.683900000000000E-002 -0.401420000000000     
  5.758800000000000E-002  8.793200000000000E-002 -0.403860000000000     
  5.831200000000000E-002  8.903899999999999E-002 -0.406277000000000     
  5.904600000000000E-002  9.015900000000000E-002 -0.408670000000000     
  5.978900000000000E-002  9.129400000000000E-002 -0.411038000000000     
  6.054100000000000E-002  9.244300000000000E-002 -0.413380000000000     
  6.130200000000000E-002  9.360700000000000E-002 -0.415694000000000     
  6.207300000000000E-002  9.478499999999999E-002 -0.417979000000000     
  6.285399999999999E-002  9.597799999999999E-002 -0.420233000000000     
  6.364499999999999E-002  9.718599999999999E-002 -0.422456000000000     
  6.444500000000000E-002  9.840900000000000E-002 -0.424646000000000     
  6.525599999999999E-002  9.964800000000000E-002 -0.426801000000000     
  6.607700000000000E-002  0.100902000000000      -0.428921000000000     
  6.690800000000000E-002  0.102172000000000      -0.431003000000000     
  6.774900000000000E-002  0.103458000000000      -0.433046000000000     
  6.860100000000000E-002  0.104761000000000      -0.435048000000000     
  6.946400000000000E-002  0.106079000000000      -0.437009000000000     
  7.033800000000000E-002  0.107415000000000      -0.438926000000000     
  7.122299999999999E-002  0.108767000000000      -0.440798000000000     
  7.211900000000000E-002  0.110136000000000      -0.442623000000000     
  7.302599999999999E-002  0.111523000000000      -0.444400000000000     
  7.394400000000000E-002  0.112927000000000      -0.446126000000000     
  7.487500000000000E-002  0.114348000000000      -0.447801000000000     
  7.581599999999999E-002  0.115788000000000      -0.449422000000000     
  7.677000000000000E-002  0.117246000000000      -0.450988000000000     
  7.773600000000000E-002  0.118722000000000      -0.452497000000000     
  7.871300000000001E-002  0.120217000000000      -0.453947000000000     
  7.970400000000000E-002  0.121730000000000      -0.455336000000000     
  8.070600000000000E-002  0.123263000000000      -0.456662000000000     
  8.172100000000000E-002  0.124815000000000      -0.457924000000000     
  8.274900000000000E-002  0.126387000000000      -0.459120000000000     
  8.379000000000000E-002  0.127979000000000      -0.460247000000000     
  8.484400000000000E-002  0.129590000000000      -0.461304000000000     
  8.591100000000000E-002  0.131222000000000      -0.462289000000000     
  8.699200000000000E-002  0.132875000000000      -0.463199000000000     
  8.808600000000000E-002  0.134548000000000      -0.464033000000000     
  8.919400000000000E-002  0.136243000000000      -0.464789000000000     
  9.031599999999999E-002  0.137959000000000      -0.465465000000000     
  9.145200000000001E-002  0.139696000000000      -0.466057000000000     
  9.260200000000000E-002  0.141456000000000      -0.466565000000000     
  9.376700000000000E-002  0.143238000000000      -0.466987000000000     
  9.494700000000000E-002  0.145042000000000      -0.467319000000000     
  9.614100000000000E-002  0.146869000000000      -0.467561000000000     
  9.735000000000001E-002  0.148719000000000      -0.467709000000000     
  9.857500000000000E-002  0.150593000000000      -0.467762000000000     
  9.981500000000000E-002  0.152490000000000      -0.467716000000000     
  0.101070000000000       0.154411000000000      -0.467572000000000     
  0.102341000000000       0.156357000000000      -0.467324000000000     
  0.103629000000000       0.158327000000000      -0.466973000000000     
  0.104932000000000       0.160322000000000      -0.466514000000000     
  0.106252000000000       0.162342000000000      -0.465947000000000     
  0.107588000000000       0.164388000000000      -0.465269000000000     
  0.108942000000000       0.166459000000000      -0.464476000000000     
  0.110312000000000       0.168557000000000      -0.463568000000000     
  0.111700000000000       0.170681000000000      -0.462542000000000     
  0.113105000000000       0.172833000000000      -0.461395000000000     
  0.114527000000000       0.175011000000000      -0.460126000000000     
  0.115968000000000       0.177217000000000      -0.458731000000000     
  0.117427000000000       0.179451000000000      -0.457208000000000     
  0.118904000000000       0.181713000000000      -0.455556000000000     
  0.120399000000000       0.184004000000000      -0.453772000000000     
  0.121914000000000       0.186324000000000      -0.451853000000000     
  0.123447000000000       0.188673000000000      -0.449797000000000     
  0.125000000000000       0.191052000000000      -0.447602000000000     
  0.126572000000000       0.193462000000000      -0.445266000000000     
  0.128164000000000       0.195901000000000      -0.442786000000000     
  0.129776000000000       0.198372000000000      -0.440161000000000     
  0.131409000000000       0.200874000000000      -0.437387000000000     
  0.133062000000000       0.203407000000000      -0.434462000000000     
  0.134736000000000       0.205973000000000      -0.431385000000000     
  0.136430000000000       0.208572000000000      -0.428154000000000     
  0.138146000000000       0.211203000000000      -0.424765000000000     
  0.139884000000000       0.213868000000000      -0.421217000000000     
  0.141644000000000       0.216566000000000      -0.417508000000000     
  0.143425000000000       0.219299000000000      -0.413635000000000     
  0.145229000000000       0.222066000000000      -0.409597000000000     
  0.147056000000000       0.224869000000000      -0.405392000000000     
  0.148906000000000       0.227707000000000      -0.401017000000000     
  0.150779000000000       0.230581000000000      -0.396471000000000     
  0.152675000000000       0.233492000000000      -0.391752000000000     
  0.154596000000000       0.236440000000000      -0.386858000000000     
  0.156540000000000       0.239425000000000      -0.381787000000000     
  0.158509000000000       0.242448000000000      -0.376537000000000     
  0.160503000000000       0.245509000000000      -0.371107000000000     
  0.162522000000000       0.248610000000000      -0.365496000000000     
  0.164566000000000       0.251750000000000      -0.359701000000000     
  0.166636000000000       0.254930000000000      -0.353721000000000     
  0.168732000000000       0.258150000000000      -0.347555000000000     
  0.170855000000000       0.261411000000000      -0.341201000000000     
  0.173004000000000       0.264714000000000      -0.334658000000000     
  0.175180000000000       0.268059000000000      -0.327925000000000     
  0.177383000000000       0.271447000000000      -0.321001000000000     
  0.179615000000000       0.274877000000000      -0.313884000000000     
  0.181874000000000       0.278352000000000      -0.306574000000000     
  0.184162000000000       0.281870000000000      -0.299070000000000     
  0.186478000000000       0.285434000000000      -0.291371000000000     
  0.188824000000000       0.289042000000000      -0.283477000000000     
  0.191199000000000       0.292697000000000      -0.275386000000000     
  0.193604000000000       0.296399000000000      -0.267098000000000     
  0.196039000000000       0.300147000000000      -0.258614000000000     
  0.198505000000000       0.303944000000000      -0.249932000000000     
  0.201002000000000       0.307789000000000      -0.241053000000000     
  0.203530000000000       0.311683000000000      -0.231976000000000     
  0.206090000000000       0.315626000000000      -0.222703000000000     
  0.208682000000000       0.319620000000000      -0.213232000000000     
  0.211307000000000       0.323665000000000      -0.203564000000000     
  0.213965000000000       0.327762000000000      -0.193700000000000     
  0.216657000000000       0.331910000000000      -0.183640000000000     
  0.219382000000000       0.336112000000000      -0.173385000000000     
  0.222141000000000       0.340367000000000      -0.162936000000000     
  0.224936000000000       0.344677000000000      -0.152294000000000     
  0.227765000000000       0.349042000000000      -0.141461000000000     
  0.230630000000000       0.353462000000000      -0.130437000000000     
  0.233531000000000       0.357938000000000      -0.119223000000000     
  0.236468000000000       0.362472000000000      -0.107822000000000     
  0.239443000000000       0.367063000000000      -9.623600000000000E-002
  0.242454000000000       0.371713000000000      -8.446600000000000E-002
  0.245504000000000       0.376422000000000      -7.251400000000000E-002
  0.248592000000000       0.381191000000000      -6.038300000000000E-002
  0.251719000000000       0.386021000000000      -4.807500000000000E-002
  0.254885000000000       0.390912000000000      -3.559300000000000E-002
  0.258091000000000       0.395865000000000      -2.293900000000000E-002
  0.261338000000000       0.400881000000000      -1.011700000000000E-002
  0.264625000000000       0.405961000000000       2.871000000000000E-003
  0.267954000000000       0.411105000000000       1.602100000000000E-002
  0.271324000000000       0.416315000000000       2.933000000000000E-002
  0.274737000000000       0.421590000000000       4.279400000000000E-002
  0.278193000000000       0.426931000000000       5.640900000000000E-002
  0.281692000000000       0.432340000000000       7.017100000000000E-002
  0.285235000000000       0.437818000000000       8.407600000000000E-002
  0.288823000000000       0.443363000000000       9.812100000000000E-002
  0.292456000000000       0.448979000000000       0.112299000000000     
  0.296134000000000       0.454665000000000       0.126607000000000     
  0.299859000000000       0.460421000000000       0.141039000000000     
  0.303631000000000       0.466250000000000       0.155591000000000     
  0.307450000000000       0.472151000000000       0.170258000000000     
  0.311318000000000       0.478124000000000       0.185034000000000     
  0.315234000000000       0.484172000000000       0.199913000000000     
  0.319199000000000       0.490294000000000       0.214890000000000     
  0.323214000000000       0.496491000000000       0.229958000000000     
  0.327279000000000       0.502763000000000       0.245113000000000     
  0.331396000000000       0.509112000000000       0.260347000000000     
  0.335564000000000       0.515537000000000       0.275655000000000     
  0.339785000000000       0.522039000000000       0.291029000000000     
  0.344059000000000       0.528619000000000       0.306463000000000     
  0.348387000000000       0.535277000000000       0.321950000000000     
  0.352769000000000       0.542013000000000       0.337482000000000     
  0.357206000000000       0.548828000000000       0.353053000000000     
  0.361699000000000       0.555722000000000       0.368655000000000     
  0.366249000000000       0.562695000000000       0.384281000000000     
  0.370856000000000       0.569747000000000       0.399921000000000     
  0.375521000000000       0.576879000000000       0.415570000000000     
  0.380244000000000       0.584090000000000       0.431217000000000     
  0.385027000000000       0.591380000000000       0.446855000000000     
  0.389870000000000       0.598749000000000       0.462476000000000     
  0.394774000000000       0.606196000000000       0.478070000000000     
  0.399740000000000       0.613722000000000       0.493628000000000     
  0.404768000000000       0.621325000000000       0.509143000000000     
  0.409859000000000       0.629005000000000       0.524604000000000     
  0.415015000000000       0.636761000000000       0.540003000000000     
  0.420235000000000       0.644591000000000       0.555329000000000     
  0.425521000000000       0.652496000000000       0.570575000000000     
  0.430873000000000       0.660472000000000       0.585729000000000     
  0.436293000000000       0.668520000000000       0.600783000000000     
  0.441781000000000       0.676636000000000       0.615727000000000     
  0.447338000000000       0.684819000000000       0.630552000000000     
  0.452964000000000       0.693067000000000       0.645246000000000     
  0.458662000000000       0.701376000000000       0.659802000000000     
  0.464431000000000       0.709745000000000       0.674209000000000     
  0.470273000000000       0.718170000000000       0.688457000000000     
  0.476188000000000       0.726648000000000       0.702536000000000     
  0.482178000000000       0.735175000000000       0.716437000000000     
  0.488243000000000       0.743746000000000       0.730150000000000     
  0.494385000000000       0.752357000000000       0.743664000000000     
  0.500603000000000       0.761004000000000       0.756972000000000     
  0.506900000000000       0.769681000000000       0.770062000000000     
  0.513276000000000       0.778382000000000       0.782925000000000     
  0.519732000000000       0.787101000000000       0.795552000000000     
  0.526270000000000       0.795832000000000       0.807933000000000     
  0.532889000000000       0.804566000000000       0.820059000000000     
  0.539592000000000       0.813297000000000       0.831921000000000     
  0.546379000000000       0.822016000000000       0.843510000000000     
  0.553252000000000       0.830714000000000       0.854817000000000     
  0.560211000000000       0.839382000000000       0.865832000000000     
  0.567258000000000       0.848010000000000       0.876548000000000     
  0.574393000000000       0.856587000000000       0.886956000000000     
  0.581618000000000       0.865102000000000       0.897047000000000     
  0.588934000000000       0.873543000000000       0.906815000000000     
  0.596342000000000       0.881897000000000       0.916250000000000     
  0.603843000000000       0.890152000000000       0.925346000000000     
  0.611438000000000       0.898293000000000       0.934094000000000     
  0.619129000000000       0.906307000000000       0.942488000000000     
  0.626917000000000       0.914178000000000       0.950522000000000     
  0.634802000000000       0.921891000000000       0.958188000000000     
  0.642787000000000       0.929429000000000       0.965480000000000     
  0.650872000000000       0.936776000000000       0.972393000000000     
  0.659059000000000       0.943915000000000       0.978920000000000     
  0.667349000000000       0.950828000000000       0.985056000000000     
  0.675744000000000       0.957498000000000       0.990797000000000     
  0.684243000000000       0.963905000000000       0.996138000000000     
  0.692850000000000       0.970032000000000        1.00107400000000     
  0.701565000000000       0.975860000000000        1.00560200000000     
  0.710390000000000       0.981370000000000        1.00971700000000     
  0.719325000000000       0.986544000000000        1.01341800000000     
  0.728373000000000       0.991363000000000        1.01670000000000     
  0.737535000000000       0.995810000000000        1.01956200000000     
  0.746812000000000       0.999866000000000        1.02200100000000     
  0.756206000000000        1.00351500000000        1.02401500000000     
  0.765718000000000        1.00674000000000        1.02560500000000     
  0.775349000000000        1.00952500000000        1.02676800000000     
  0.785102000000000        1.01185800000000        1.02750400000000     
  0.794977000000000        1.01372300000000        1.02781300000000     
  0.804977000000000        1.01511000000000        1.02769600000000     
  0.815102000000000        1.01600700000000        1.02715300000000     
  0.825355000000000        1.01640700000000        1.02618500000000     
  0.835737000000000        1.01630200000000        1.02479500000000     
  0.846249000000000        1.01568800000000        1.02298400000000     
  0.856894000000000        1.01456000000000        1.02075400000000     
  0.867672000000000        1.01291900000000        1.01810900000000     
  0.878586000000000        1.01076400000000        1.01505100000000     
  0.889637000000000        1.00810000000000        1.01158400000000     
  0.900827000000000        1.00493000000000        1.00771300000000     
  0.912158000000000        1.00126300000000        1.00344100000000     
  0.923632000000000       0.997108000000000       0.998774000000000     
  0.935250000000000       0.992475000000000       0.993717000000000     
  0.947014000000000       0.987377000000000       0.988275000000000     
  0.958926000000000       0.981828000000000       0.982453000000000     
  0.970988000000000       0.975843000000000       0.976260000000000     
  0.983201000000000       0.969437000000000       0.969700000000000     
  0.995568000000000       0.962628000000000       0.962782000000000     
   1.00809100000000       0.955432000000000       0.955512000000000     
   1.02077100000000       0.947864000000000       0.947898000000000     
   1.03361100000000       0.939942000000000       0.939948000000000     
   1.04661200000000       0.931679000000000       0.931671000000000     
   1.05977700000000       0.923090000000000       0.923074000000000     
   1.07310700000000       0.914187000000000       0.914168000000000     
   1.08660500000000       0.904982000000000       0.904960000000000     
   1.10027300000000       0.895485000000000       0.895460000000000     
   1.11411300000000       0.885707000000000       0.885679000000000     
   1.12812700000000       0.875656000000000       0.875625000000000     
   1.14231700000000       0.865343000000000       0.865309000000000     
   1.15668500000000       0.854779000000000       0.854742000000000     
   1.17123500000000       0.843973000000000       0.843934000000000     
   1.18596700000000       0.832938000000000       0.832895000000000     
   1.20088500000000       0.821682000000000       0.821636000000000     
   1.21599000000000       0.810219000000000       0.810169000000000     
   1.23128500000000       0.798558000000000       0.798504000000000     
   1.24677300000000       0.786711000000000       0.786654000000000     
   1.26245500000000       0.774683000000000       0.774629000000000     
   1.27833500000000       0.762492000000000       0.762440000000000     
   1.29441400000000       0.750150000000000       0.750101000000000     
   1.31069600000000       0.737668000000000       0.737621000000000     
   1.32718300000000       0.725058000000000       0.725013000000000     
   1.34387700000000       0.712332000000000       0.712289000000000     
   1.36078100000000       0.699501000000000       0.699460000000000     
   1.37789700000000       0.686577000000000       0.686539000000000     
   1.39522900000000       0.673573000000000       0.673537000000000     
   1.41277900000000       0.660499000000000       0.660465000000000     
   1.43054900000000       0.647367000000000       0.647335000000000     
   1.44854300000000       0.634190000000000       0.634160000000000     
   1.46676400000000       0.620978000000000       0.620950000000000     
   1.48521300000000       0.607744000000000       0.607717000000000     
   1.50389500000000       0.594498000000000       0.594473000000000     
   1.52281200000000       0.581251000000000       0.581228000000000     
   1.54196600000000       0.568015000000000       0.567994000000000     
   1.56136200000000       0.554801000000000       0.554782000000000     
   1.58100100000000       0.541619000000000       0.541602000000000     
   1.60088800000000       0.528480000000000       0.528465000000000     
   1.62102500000000       0.515395000000000       0.515381000000000     
   1.64141500000000       0.502373000000000       0.502360000000000     
   1.66206100000000       0.489423000000000       0.489412000000000     
   1.68296700000000       0.476557000000000       0.476547000000000     
   1.70413600000000       0.463783000000000       0.463775000000000     
   1.72557200000000       0.451110000000000       0.451103000000000     
   1.74727700000000       0.438548000000000       0.438542000000000     
   1.76925500000000       0.426103000000000       0.426098000000000     
   1.79150900000000       0.413786000000000       0.413782000000000     
   1.81404400000000       0.401602000000000       0.401600000000000     
   1.83686200000000       0.389561000000000       0.389559000000000     
   1.85996600000000       0.377669000000000       0.377668000000000     
   1.88336200000000       0.365933000000000       0.365933000000000     
   1.90705200000000       0.354359000000000       0.354360000000000     
   1.93103900000000       0.342953000000000       0.342955000000000     
   1.95532900000000       0.331722000000000       0.331725000000000     
   1.97992400000000       0.320670000000000       0.320674000000000     
   2.00482800000000       0.309803000000000       0.309808000000000     
   2.03004600000000       0.299126000000000       0.299130000000000     
   2.05558100000000       0.288641000000000       0.288647000000000     
   2.08143700000000       0.278354000000000       0.278360000000000     
   2.10761800000000       0.268268000000000       0.268275000000000     
   2.13412900000000       0.258386000000000       0.258394000000000     
   2.16097300000000       0.248712000000000       0.248719000000000     
   2.18815400000000       0.239247000000000       0.239254000000000     
   2.21567800000000       0.229993000000000       0.230001000000000     
   2.24354800000000       0.220953000000000       0.220962000000000     
   2.27176800000000       0.212129000000000       0.212137000000000     
   2.30034300000000       0.203520000000000       0.203529000000000     
   2.32927800000000       0.195129000000000       0.195138000000000     
   2.35857700000000       0.186955000000000       0.186965000000000     
   2.38824400000000       0.179000000000000       0.179010000000000     
   2.41828500000000       0.171263000000000       0.171272000000000     
   2.44870300000000       0.163743000000000       0.163753000000000     
   2.47950400000000       0.156441000000000       0.156451000000000     
   2.51069200000000       0.149355000000000       0.149365000000000     
   2.54227300000000       0.142485000000000       0.142495000000000     
   2.57425100000000       0.135829000000000       0.135838000000000     
   2.60663100000000       0.129385000000000       0.129395000000000     
   2.63941800000000       0.123152000000000       0.123162000000000     
   2.67261800000000       0.117128000000000       0.117138000000000     
   2.70623500000000       0.111311000000000       0.111320000000000     
   2.74027500000000       0.105698000000000       0.105707000000000     
   2.77474400000000       0.100287000000000       0.100296000000000     
   2.80964600000000       9.507400000000001E-002  9.508300000000000E-002
   2.84498700000000       9.005800000000000E-002  9.006699999999999E-002
   2.88077200000000       8.523400000000000E-002  8.524300000000000E-002
   2.91700800000000       8.060000000000000E-002  8.060800000000000E-002
   2.95370000000000       7.615200000000000E-002  7.616000000000001E-002
   2.99085200000000       7.188600000000001E-002  7.189500000000000E-002
   3.02847300000000       6.780000000000000E-002  6.780799999999999E-002
   3.06656600000000       6.388800000000000E-002  6.389599999999999E-002
   3.10513900000000       6.014700000000000E-002  6.015500000000000E-002
   3.14419700000000       5.657400000000000E-002  5.658100000000000E-002
   3.18374600000000       5.316300000000000E-002  5.317000000000000E-002
   3.22379200000000       4.991100000000000E-002  4.991800000000000E-002
   3.26434300000000       4.681300000000000E-002  4.681900000000000E-002
   3.30540300000000       4.386500000000000E-002  4.387100000000000E-002
   3.34698000000000       4.106300000000000E-002  4.106900000000000E-002
   3.38908000000000       3.840200000000000E-002  3.840700000000000E-002
   3.43170900000000       3.587700000000000E-002  3.588300000000000E-002
   3.47487500000000       3.348500000000000E-002  3.349000000000000E-002
   3.51858300000000       3.122000000000000E-002  3.122500000000000E-002
   3.56284200000000       2.907800000000000E-002  2.908300000000000E-002
   3.60765700000000       2.705500000000000E-002  2.706000000000000E-002
   3.65303500000000       2.514600000000000E-002  2.515100000000000E-002
   3.69898500000000       2.334700000000000E-002  2.335100000000000E-002
   3.74551300000000       2.165300000000000E-002  2.165700000000000E-002
   3.79262500000000       2.006000000000000E-002  2.006400000000000E-002
   3.84033100000000       1.856400000000000E-002  1.856700000000000E-002
   3.88863600000000       1.716000000000000E-002  1.716300000000000E-002
   3.93754900000000       1.584400000000000E-002  1.584800000000000E-002
   3.98707700000000       1.461300000000000E-002  1.461600000000000E-002
   4.03722900000000       1.346200000000000E-002  1.346400000000000E-002
   4.08801100000000       1.238600000000000E-002  1.238900000000000E-002
   4.13943100000000       1.138400000000000E-002  1.138600000000000E-002
   4.19149900000000       1.045000000000000E-002  1.045200000000000E-002
   4.24422200000000       9.580999999999999E-003  9.583000000000000E-003
   4.29760700000000       8.773000000000000E-003  8.775000000000000E-003
   4.35166500000000       8.024000000000000E-003  8.026000000000000E-003
   4.40640200000000       7.329000000000000E-003  7.331000000000000E-003
   4.46182800000000       6.686000000000000E-003  6.688000000000000E-003
   4.51795000000000       6.092000000000000E-003  6.093000000000000E-003
   4.57477900000000       5.543000000000000E-003  5.545000000000000E-003
   4.63232300000000       5.037000000000000E-003  5.039000000000000E-003
   4.69059000000000       4.572000000000000E-003  4.573000000000000E-003
   4.74959100000000       4.143000000000000E-003  4.144000000000000E-003
   4.80933300000000       3.750000000000000E-003  3.751000000000000E-003
   4.86982700000000       3.389000000000000E-003  3.390000000000000E-003
   4.93108200000000       3.059000000000000E-003  3.060000000000000E-003
   4.99310700000000       2.757000000000000E-003  2.758000000000000E-003
   5.05591300000000       2.482000000000000E-003  2.483000000000000E-003
   5.11950900000000       2.231000000000000E-003  2.231000000000000E-003
   5.18390400000000       2.002000000000000E-003  2.002000000000000E-003
   5.24911000000000       1.794000000000000E-003  1.795000000000000E-003
   5.31513500000000       1.605000000000000E-003  1.606000000000000E-003
   5.38199100000000       1.434000000000000E-003  1.435000000000000E-003
   5.44968900000000       1.279000000000000E-003  1.280000000000000E-003
   5.51823700000000       1.140000000000000E-003  1.140000000000000E-003
   5.58764800000000       1.013000000000000E-003  1.014000000000000E-003
   5.65793200000000       9.000000000000000E-004  9.000000000000000E-004
   5.72910000000000       7.980000000000000E-004  7.980000000000000E-004
   5.80116300000000       7.060000000000000E-004  7.060000000000000E-004
   5.87413300000000       6.240000000000000E-004  6.240000000000000E-004
   5.94802000000000       5.500000000000000E-004  5.509999999999999E-004
   6.02283700000000       4.850000000000000E-004  4.850000000000000E-004
   6.09859500000000       4.260000000000000E-004  4.260000000000000E-004
   6.17530600000000       3.740000000000000E-004  3.740000000000000E-004
   6.25298200000000       3.280000000000000E-004  3.280000000000000E-004
   6.33163500000000       2.870000000000000E-004  2.870000000000000E-004
   6.41127700000000       2.500000000000000E-004  2.500000000000000E-004
   6.49192100000000       2.180000000000000E-004  2.180000000000000E-004
   6.57357900000000       1.900000000000000E-004  1.900000000000000E-004
   6.65626500000000       1.650000000000000E-004  1.650000000000000E-004
   6.73999000000000       1.430000000000000E-004  1.430000000000000E-004
   6.82476900000000       1.230000000000000E-004  1.240000000000000E-004
   6.91061400000000       1.070000000000000E-004  1.070000000000000E-004
   6.99753900000000       9.200000000000000E-005  9.200000000000000E-005
   7.08555700000000       7.900000000000000E-005  7.900000000000000E-005
   7.17468200000000       6.800000000000000E-005  6.800000000000000E-005
   7.26492900000000       5.800000000000000E-005  5.800000000000000E-005
   7.35631000000000       5.000000000000000E-005  5.000000000000000E-005
   7.44884100000000       4.200000000000000E-005  4.200000000000000E-005
   7.54253600000000       3.600000000000000E-005  3.600000000000000E-005
   7.63740900000000       3.100000000000000E-005  3.100000000000000E-005
   7.73347600000000       2.600000000000000E-005  2.600000000000000E-005
   7.83075100000000       2.200000000000000E-005  2.200000000000000E-005
   7.92925000000000       1.900000000000000E-005  1.900000000000000E-005
   8.02898800000000       1.600000000000000E-005  1.600000000000000E-005
   8.12998000000000       1.300000000000000E-005  1.300000000000000E-005
   8.23224300000000       1.100000000000000E-005  1.100000000000000E-005
   8.33579100000000       9.000000000000000E-006  9.000000000000000E-006
   8.44064300000000       8.000000000000000E-006  8.000000000000000E-006
   8.54681300000000       6.000000000000000E-006  6.000000000000000E-006
   8.65431900000000       5.000000000000000E-006  5.000000000000000E-006
   8.76317700000000       4.000000000000000E-006  4.000000000000000E-006
   8.87340400000000       4.000000000000000E-006  4.000000000000000E-006
   8.98501700000000       3.000000000000000E-006  3.000000000000000E-006
   9.09803500000000       2.000000000000000E-006  2.000000000000000E-006
   9.21247400000000       2.000000000000000E-006  2.000000000000000E-006
   9.32835300000000       2.000000000000000E-006  2.000000000000000E-006
   9.44568900000000       1.000000000000000E-006  1.000000000000000E-006
   9.56450100000000       1.000000000000000E-006  1.000000000000000E-006
   9.68480800000000       1.000000000000000E-006  1.000000000000000E-006
   9.80662800000000       1.000000000000000E-006  1.000000000000000E-006
   9.92998000000000       1.000000000000000E-006  1.000000000000000E-006
   10.0548840000000       0.000000000000000E+000  0.000000000000000E+000
   10.1813590000000       0.000000000000000E+000  0.000000000000000E+000
   10.3094240000000       0.000000000000000E+000  0.000000000000000E+000
   10.4391010000000       0.000000000000000E+000  0.000000000000000E+000
   10.5704090000000       0.000000000000000E+000  0.000000000000000E+000
   10.7033680000000       0.000000000000000E+000  0.000000000000000E+000
   10.8380000000000       0.000000000000000E+000  0.000000000000000E+000
   10.9743250000000       0.000000000000000E+000  0.000000000000000E+000
   11.1123650000000       0.000000000000000E+000  0.000000000000000E+000
   11.2521410000000       0.000000000000000E+000  0.000000000000000E+000
   11.3936760000000       0.000000000000000E+000  0.000000000000000E+000
   11.5369910000000       0.000000000000000E+000  0.000000000000000E+000
   11.6821080000000       0.000000000000000E+000  0.000000000000000E+000
   11.8290510000000       0.000000000000000E+000  0.000000000000000E+000
   11.9778420000000       0.000000000000000E+000  0.000000000000000E+000
   12.1285050000000       0.000000000000000E+000  0.000000000000000E+000
   12.2810630000000       0.000000000000000E+000  0.000000000000000E+000
   12.4355390000000       0.000000000000000E+000  0.000000000000000E+000
   12.5919590000000       0.000000000000000E+000  0.000000000000000E+000
   12.7503470000000       0.000000000000000E+000  0.000000000000000E+000
   12.9107260000000       0.000000000000000E+000  0.000000000000000E+000
   13.0731230000000       0.000000000000000E+000  0.000000000000000E+000
   13.2375630000000       0.000000000000000E+000  0.000000000000000E+000
   13.4040710000000       0.000000000000000E+000  0.000000000000000E+000
   13.5726730000000       0.000000000000000E+000  0.000000000000000E+000
   13.7433970000000       0.000000000000000E+000  0.000000000000000E+000
   13.9162670000000       0.000000000000000E+000  0.000000000000000E+000
   14.0913120000000       0.000000000000000E+000  0.000000000000000E+000
   14.2685590000000       0.000000000000000E+000  0.000000000000000E+000
   14.4480360000000       0.000000000000000E+000  0.000000000000000E+000
   14.6297690000000       0.000000000000000E+000  0.000000000000000E+000
   14.8137890000000       0.000000000000000E+000  0.000000000000000E+000
   15.0001240000000       0.000000000000000E+000  0.000000000000000E+000
   15.1888020000000       0.000000000000000E+000  0.000000000000000E+000
   15.3798540000000       0.000000000000000E+000  0.000000000000000E+000
   15.5733090000000       0.000000000000000E+000  0.000000000000000E+000
   15.7691970000000       0.000000000000000E+000  0.000000000000000E+000
   15.9675490000000       0.000000000000000E+000  0.000000000000000E+000
   16.1683960000000       0.000000000000000E+000  0.000000000000000E+000
   16.3717690000000       0.000000000000000E+000  0.000000000000000E+000
   16.5777010000000       0.000000000000000E+000  0.000000000000000E+000
   16.7862220000000       0.000000000000000E+000  0.000000000000000E+000
   16.9973670000000       0.000000000000000E+000  0.000000000000000E+000
   17.2111680000000       0.000000000000000E+000  0.000000000000000E+000
   17.4276580000000       0.000000000000000E+000  0.000000000000000E+000
   17.6468700000000       0.000000000000000E+000  0.000000000000000E+000
   17.8688410000000       0.000000000000000E+000  0.000000000000000E+000
   18.0936030000000       0.000000000000000E+000  0.000000000000000E+000
   18.3211930000000       0.000000000000000E+000  0.000000000000000E+000
   18.5516450000000       0.000000000000000E+000  0.000000000000000E+000
   18.7849960000000       0.000000000000000E+000  0.000000000000000E+000
   19.0212820000000       0.000000000000000E+000  0.000000000000000E+000
   19.2605400000000       0.000000000000000E+000  0.000000000000000E+000
   19.5028080000000       0.000000000000000E+000  0.000000000000000E+000
   19.7481230000000       0.000000000000000E+000  0.000000000000000E+000
   19.9965240000000       0.000000000000000E+000  0.000000000000000E+000
   20.2480490000000       0.000000000000000E+000  0.000000000000000E+000
   20.5027380000000       0.000000000000000E+000  0.000000000000000E+000
   20.7606310000000       0.000000000000000E+000  0.000000000000000E+000
   21.0217680000000       0.000000000000000E+000  0.000000000000000E+000
   21.2861890000000       0.000000000000000E+000  0.000000000000000E+000
   21.5539360000000       0.000000000000000E+000  0.000000000000000E+000
   21.8250510000000       0.000000000000000E+000  0.000000000000000E+000
   22.0995770000000       0.000000000000000E+000  0.000000000000000E+000
   22.3775550000000       0.000000000000000E+000  0.000000000000000E+000
   22.6590300000000       0.000000000000000E+000  0.000000000000000E+000
   22.9440460000000       0.000000000000000E+000  0.000000000000000E+000
   23.2326460000000       0.000000000000000E+000  0.000000000000000E+000
   23.5248770000000       0.000000000000000E+000  0.000000000000000E+000
   23.8207840000000       0.000000000000000E+000  0.000000000000000E+000
   24.1204120000000       0.000000000000000E+000  0.000000000000000E+000
   24.4238100000000       0.000000000000000E+000  0.000000000000000E+000
   24.7310230000000       0.000000000000000E+000  0.000000000000000E+000
   25.0421010000000       0.000000000000000E+000  0.000000000000000E+000
   25.3570920000000       0.000000000000000E+000  0.000000000000000E+000
   25.6760450000000       0.000000000000000E+000  0.000000000000000E+000
   25.9990100000000       0.000000000000000E+000  0.000000000000000E+000
   26.3260370000000       0.000000000000000E+000  0.000000000000000E+000
   26.6571780000000       0.000000000000000E+000  0.000000000000000E+000
   26.9924840000000       0.000000000000000E+000  0.000000000000000E+000
   27.3320080000000       0.000000000000000E+000  0.000000000000000E+000
   27.6758020000000       0.000000000000000E+000  0.000000000000000E+000
   28.0239210000000       0.000000000000000E+000  0.000000000000000E+000
   28.3764180000000       0.000000000000000E+000  0.000000000000000E+000
   28.7333500000000       0.000000000000000E+000  0.000000000000000E+000
   29.0947710000000       0.000000000000000E+000  0.000000000000000E+000
   29.4607380000000       0.000000000000000E+000  0.000000000000000E+000
   29.8313080000000       0.000000000000000E+000  0.000000000000000E+000
   30.2065400000000       0.000000000000000E+000  0.000000000000000E+000
   30.5864920000000       0.000000000000000E+000  0.000000000000000E+000
   30.9712220000000       0.000000000000000E+000  0.000000000000000E+000
   31.3607920000000       0.000000000000000E+000  0.000000000000000E+000
   31.7552620000000       0.000000000000000E+000  0.000000000000000E+000
   32.1546940000000       0.000000000000000E+000  0.000000000000000E+000
   32.5591510000000       0.000000000000000E+000  0.000000000000000E+000
   32.9686940000000       0.000000000000000E+000  0.000000000000000E+000
   33.3833900000000       0.000000000000000E+000  0.000000000000000E+000
   33.8033010000000       0.000000000000000E+000  0.000000000000000E+000
   34.2284940000000       0.000000000000000E+000  0.000000000000000E+000
   34.6590360000000       0.000000000000000E+000  0.000000000000000E+000
   35.0949930000000       0.000000000000000E+000  0.000000000000000E+000
   35.5364330000000       0.000000000000000E+000  0.000000000000000E+000
   35.9834270000000       0.000000000000000E+000  0.000000000000000E+000
   36.4360420000000       0.000000000000000E+000  0.000000000000000E+000
   36.8943510000000       0.000000000000000E+000  0.000000000000000E+000
   37.3584250000000       0.000000000000000E+000  0.000000000000000E+000
   37.8283360000000       0.000000000000000E+000  0.000000000000000E+000
   38.3041580000000       0.000000000000000E+000  0.000000000000000E+000
   38.7859650000000       0.000000000000000E+000  0.000000000000000E+000
   39.2738330000000       0.000000000000000E+000  0.000000000000000E+000
   39.7678370000000       0.000000000000000E+000  0.000000000000000E+000
   40.2680540000000       0.000000000000000E+000  0.000000000000000E+000
   40.7745640000000       0.000000000000000E+000  0.000000000000000E+000
   41.2874450000000       0.000000000000000E+000  0.000000000000000E+000
   41.8067770000000       0.000000000000000E+000  0.000000000000000E+000
   42.3326420000000       0.000000000000000E+000  0.000000000000000E+000
   42.8651210000000       0.000000000000000E+000  0.000000000000000E+000
   43.4042980000000       0.000000000000000E+000  0.000000000000000E+000
   43.9502560000000       0.000000000000000E+000  0.000000000000000E+000
   44.5030830000000       0.000000000000000E+000  0.000000000000000E+000
   45.0628620000000       0.000000000000000E+000  0.000000000000000E+000
   45.6296830000000       0.000000000000000E+000  0.000000000000000E+000
   46.2036340000000       0.000000000000000E+000  0.000000000000000E+000
   46.7848040000000       0.000000000000000E+000  0.000000000000000E+000
   47.3732850000000       0.000000000000000E+000  0.000000000000000E+000
   47.9691670000000       0.000000000000000E+000  0.000000000000000E+000
   48.5725450000000       0.000000000000000E+000  0.000000000000000E+000
   49.1835130000000       0.000000000000000E+000  0.000000000000000E+000
   49.8021650000000       0.000000000000000E+000  0.000000000000000E+000
   50.4285990000000       0.000000000000000E+000  0.000000000000000E+000
   51.0629130000000       0.000000000000000E+000  0.000000000000000E+000
   51.7052050000000       0.000000000000000E+000  0.000000000000000E+000
   52.3555770000000       0.000000000000000E+000  0.000000000000000E+000
   53.0141290000000       0.000000000000000E+000  0.000000000000000E+000
   53.6809640000000       0.000000000000000E+000  0.000000000000000E+000
   54.3561880000000       0.000000000000000E+000  0.000000000000000E+000
   55.0399040000000       0.000000000000000E+000  0.000000000000000E+000
   55.7322210000000       0.000000000000000E+000  0.000000000000000E+000
   56.4332460000000       0.000000000000000E+000  0.000000000000000E+000
   57.1430890000000       0.000000000000000E+000  0.000000000000000E+000
   57.8618610000000       0.000000000000000E+000  0.000000000000000E+000
   58.5896730000000       0.000000000000000E+000  0.000000000000000E+000
   59.3266410000000       0.000000000000000E+000  0.000000000000000E+000
   60.0728780000000       0.000000000000000E+000  0.000000000000000E+000
   60.8285020000000       0.000000000000000E+000  0.000000000000000E+000
   61.5936300000000       0.000000000000000E+000  0.000000000000000E+000
   62.3683830000000       0.000000000000000E+000  0.000000000000000E+000
   63.1528800000000       0.000000000000000E+000  0.000000000000000E+000
   63.9472460000000       0.000000000000000E+000  0.000000000000000E+000
   64.7516030000000       0.000000000000000E+000  0.000000000000000E+000
   65.5660780000000       0.000000000000000E+000  0.000000000000000E+000
   66.3907980000000       0.000000000000000E+000  0.000000000000000E+000
   67.2258910000000       0.000000000000000E+000  0.000000000000000E+000
   68.0714890000000       0.000000000000000E+000  0.000000000000000E+000
   68.9277230000000       0.000000000000000E+000  0.000000000000000E+000
   69.7947270000000       0.000000000000000E+000  0.000000000000000E+000
   70.6726360000000       0.000000000000000E+000  0.000000000000000E+000
   71.5615890000000       0.000000000000000E+000  0.000000000000000E+000
   72.4617230000000       0.000000000000000E+000  0.000000000000000E+000
   73.3731790000000       0.000000000000000E+000  0.000000000000000E+000
   74.2961000000000       0.000000000000000E+000  0.000000000000000E+000
   75.2306300000000       0.000000000000000E+000  0.000000000000000E+000
   76.1769150000000       0.000000000000000E+000  0.000000000000000E+000
   77.1351020000000       0.000000000000000E+000  0.000000000000000E+000
   78.1053420000000       0.000000000000000E+000  0.000000000000000E+000
   79.0877870000000       0.000000000000000E+000  0.000000000000000E+000
   80.0825880000000       0.000000000000000E+000  0.000000000000000E+000
   81.0899030000000       0.000000000000000E+000  0.000000000000000E+000
   82.1098890000000       0.000000000000000E+000  0.000000000000000E+000
   83.1427040000000       0.000000000000000E+000  0.000000000000000E+000
   84.1885110000000       0.000000000000000E+000  0.000000000000000E+000
   85.2474720000000       0.000000000000000E+000  0.000000000000000E+000
   86.3197530000000       0.000000000000000E+000  0.000000000000000E+000
   87.4055220000000       0.000000000000000E+000  0.000000000000000E+000
   88.5049480000000       0.000000000000000E+000  0.000000000000000E+000
   89.6182030000000       0.000000000000000E+000  0.000000000000000E+000
   90.7454610000000       0.000000000000000E+000  0.000000000000000E+000
   91.8868990000000       0.000000000000000E+000  0.000000000000000E+000
   93.0426940000000       0.000000000000000E+000  0.000000000000000E+000
   94.2130270000000       0.000000000000000E+000  0.000000000000000E+000
   95.3980810000000       0.000000000000000E+000  0.000000000000000E+000
   96.5980410000000       0.000000000000000E+000  0.000000000000000E+000
   97.8130940000000       0.000000000000000E+000  0.000000000000000E+000
   99.0434320000000       0.000000000000000E+000  0.000000000000000E+000
