  1.140000000000000E-004  4.919000000000000E-003
  1.150000000000000E-004  4.981000000000000E-003
  1.170000000000000E-004  5.043000000000000E-003
  1.180000000000000E-004  5.107000000000000E-003
  1.200000000000000E-004  5.171000000000000E-003
  1.210000000000000E-004  5.236000000000000E-003
  1.230000000000000E-004  5.302000000000000E-003
  1.240000000000000E-004  5.368000000000000E-003
  1.260000000000000E-004  5.436000000000000E-003
  1.280000000000000E-004  5.504000000000000E-003
  1.290000000000000E-004  5.573000000000000E-003
  1.310000000000000E-004  5.643000000000000E-003
  1.320000000000000E-004  5.714000000000000E-003
  1.340000000000000E-004  5.786000000000000E-003
  1.360000000000000E-004  5.859000000000000E-003
  1.370000000000000E-004  5.932000000000000E-003
  1.390000000000000E-004  6.007000000000000E-003
  1.410000000000000E-004  6.082000000000000E-003
  1.430000000000000E-004  6.159000000000000E-003
  1.450000000000000E-004  6.236000000000000E-003
  1.460000000000000E-004  6.315000000000000E-003
  1.480000000000000E-004  6.394000000000000E-003
  1.500000000000000E-004  6.474000000000000E-003
  1.520000000000000E-004  6.556000000000000E-003
  1.540000000000000E-004  6.638000000000000E-003
  1.560000000000000E-004  6.721000000000000E-003
  1.580000000000000E-004  6.806000000000000E-003
  1.600000000000000E-004  6.891000000000000E-003
  1.620000000000000E-004  6.978000000000000E-003
  1.640000000000000E-004  7.065000000000000E-003
  1.660000000000000E-004  7.154000000000000E-003
  1.680000000000000E-004  7.244000000000000E-003
  1.700000000000000E-004  7.335000000000000E-003
  1.720000000000000E-004  7.427000000000000E-003
  1.740000000000000E-004  7.520000000000000E-003
  1.770000000000000E-004  7.615000000000000E-003
  1.790000000000000E-004  7.711000000000000E-003
  1.810000000000000E-004  7.807000000000000E-003
  1.830000000000000E-004  7.905000000000001E-003
  1.860000000000000E-004  8.005000000000000E-003
  1.880000000000000E-004  8.104999999999999E-003
  1.900000000000000E-004  8.207000000000001E-003
  1.930000000000000E-004  8.310000000000000E-003
  1.950000000000000E-004  8.415000000000001E-003
  1.980000000000000E-004  8.520000000000000E-003
  2.000000000000000E-004  8.626999999999999E-003
  2.030000000000000E-004  8.736000000000001E-003
  2.050000000000000E-004  8.845000000000000E-003
  2.080000000000000E-004  8.956000000000000E-003
  2.100000000000000E-004  9.069000000000001E-003
  2.130000000000000E-004  9.183000000000000E-003
  2.160000000000000E-004  9.298000000000001E-003
  2.180000000000000E-004  9.415000000000000E-003
  2.210000000000000E-004  9.533000000000000E-003
  2.240000000000000E-004  9.653000000000000E-003
  2.270000000000000E-004  9.774000000000000E-003
  2.300000000000000E-004  9.897000000000000E-003
  2.320000000000000E-004  1.002100000000000E-002
  2.350000000000000E-004  1.014700000000000E-002
  2.380000000000000E-004  1.027400000000000E-002
  2.410000000000000E-004  1.040300000000000E-002
  2.440000000000000E-004  1.053400000000000E-002
  2.470000000000000E-004  1.066600000000000E-002
  2.510000000000000E-004  1.080000000000000E-002
  2.540000000000000E-004  1.093500000000000E-002
  2.570000000000000E-004  1.107300000000000E-002
  2.600000000000000E-004  1.121100000000000E-002
  2.630000000000000E-004  1.135200000000000E-002
  2.670000000000000E-004  1.149500000000000E-002
  2.700000000000000E-004  1.163900000000000E-002
  2.730000000000000E-004  1.178500000000000E-002
  2.770000000000000E-004  1.193300000000000E-002
  2.800000000000000E-004  1.208300000000000E-002
  2.840000000000000E-004  1.223400000000000E-002
  2.870000000000000E-004  1.238800000000000E-002
  2.910000000000000E-004  1.254300000000000E-002
  2.950000000000000E-004  1.270100000000000E-002
  2.980000000000000E-004  1.286000000000000E-002
  3.020000000000000E-004  1.302100000000000E-002
  3.060000000000000E-004  1.318500000000000E-002
  3.100000000000000E-004  1.335000000000000E-002
  3.140000000000000E-004  1.351800000000000E-002
  3.180000000000000E-004  1.368700000000000E-002
  3.220000000000000E-004  1.385900000000000E-002
  3.260000000000000E-004  1.403300000000000E-002
  3.300000000000000E-004  1.420900000000000E-002
  3.340000000000000E-004  1.438700000000000E-002
  3.380000000000000E-004  1.456800000000000E-002
  3.420000000000000E-004  1.475100000000000E-002
  3.470000000000000E-004  1.493600000000000E-002
  3.510000000000000E-004  1.512300000000000E-002
  3.560000000000000E-004  1.531300000000000E-002
  3.600000000000000E-004  1.550500000000000E-002
  3.650000000000000E-004  1.569900000000000E-002
  3.690000000000000E-004  1.589600000000000E-002
  3.740000000000000E-004  1.609500000000000E-002
  3.780000000000000E-004  1.629700000000000E-002
  3.830000000000000E-004  1.650100000000000E-002
  3.880000000000000E-004  1.670800000000000E-002
  3.930000000000000E-004  1.691800000000000E-002
  3.980000000000000E-004  1.713000000000000E-002
  4.030000000000000E-004  1.734500000000000E-002
  4.080000000000000E-004  1.756200000000000E-002
  4.130000000000000E-004  1.778200000000000E-002
  4.180000000000000E-004  1.800500000000000E-002
  4.240000000000000E-004  1.823100000000000E-002
  4.290000000000000E-004  1.846000000000000E-002
  4.340000000000000E-004  1.869100000000000E-002
  4.400000000000000E-004  1.892500000000000E-002
  4.450000000000000E-004  1.916200000000000E-002
  4.510000000000000E-004  1.940300000000000E-002
  4.560000000000000E-004  1.964600000000000E-002
  4.620000000000000E-004  1.989200000000000E-002
  4.680000000000000E-004  2.014100000000000E-002
  4.740000000000000E-004  2.039400000000000E-002
  4.800000000000000E-004  2.064900000000000E-002
  4.860000000000000E-004  2.090800000000000E-002
  4.920000000000000E-004  2.117000000000000E-002
  4.980000000000000E-004  2.143500000000000E-002
  5.050000000000000E-004  2.170400000000000E-002
  5.110000000000000E-004  2.197500000000000E-002
  5.170000000000000E-004  2.225100000000000E-002
  5.240000000000001E-004  2.252900000000000E-002
  5.300000000000000E-004  2.281200000000000E-002
  5.370000000000000E-004  2.309700000000000E-002
  5.440000000000000E-004  2.338700000000000E-002
  5.509999999999999E-004  2.367900000000000E-002
  5.580000000000000E-004  2.397600000000000E-002
  5.650000000000000E-004  2.427600000000000E-002
  5.720000000000000E-004  2.458000000000000E-002
  5.790000000000000E-004  2.488800000000000E-002
  5.860000000000000E-004  2.519900000000000E-002
  5.940000000000000E-004  2.551500000000000E-002
  6.010000000000000E-004  2.583400000000000E-002
  6.089999999999999E-004  2.615800000000000E-002
  6.160000000000000E-004  2.648500000000000E-002
  6.240000000000000E-004  2.681700000000000E-002
  6.320000000000000E-004  2.715200000000000E-002
  6.400000000000001E-004  2.749200000000000E-002
  6.480000000000000E-004  2.783600000000000E-002
  6.560000000000000E-004  2.818400000000000E-002
  6.640000000000000E-004  2.853700000000000E-002
  6.730000000000000E-004  2.889400000000000E-002
  6.810000000000000E-004  2.925500000000000E-002
  6.900000000000000E-004  2.962100000000000E-002
  6.980000000000001E-004  2.999200000000000E-002
  7.069999999999999E-004  3.036700000000000E-002
  7.159999999999999E-004  3.074700000000000E-002
  7.250000000000000E-004  3.113100000000000E-002
  7.340000000000000E-004  3.152000000000000E-002
  7.430000000000000E-004  3.191400000000000E-002
  7.530000000000000E-004  3.231300000000000E-002
  7.620000000000000E-004  3.271700000000000E-002
  7.720000000000000E-004  3.312600000000000E-002
  7.810000000000000E-004  3.354100000000000E-002
  7.910000000000000E-004  3.396000000000000E-002
  8.010000000000000E-004  3.438400000000000E-002
  8.110000000000000E-004  3.481400000000000E-002
  8.210000000000000E-004  3.524900000000000E-002
  8.319999999999999E-004  3.568900000000000E-002
  8.420000000000000E-004  3.613500000000000E-002
  8.530000000000000E-004  3.658700000000000E-002
  8.640000000000000E-004  3.704400000000000E-002
  8.740000000000000E-004  3.750600000000000E-002
  8.850000000000000E-004  3.797500000000000E-002
  8.970000000000000E-004  3.844900000000000E-002
  9.080000000000000E-004  3.892900000000000E-002
  9.190000000000000E-004  3.941500000000000E-002
  9.310000000000000E-004  3.990700000000000E-002
  9.430000000000000E-004  4.040500000000000E-002
  9.540000000000000E-004  4.091000000000000E-002
  9.660000000000000E-004  4.142000000000000E-002
  9.790000000000001E-004  4.193700000000000E-002
  9.909999999999999E-004  4.246000000000000E-002
  1.003000000000000E-003  4.299000000000000E-002
  1.016000000000000E-003  4.352700000000000E-002
  1.029000000000000E-003  4.406900000000000E-002
  1.042000000000000E-003  4.461900000000000E-002
  1.055000000000000E-003  4.517600000000000E-002
  1.068000000000000E-003  4.573900000000000E-002
  1.081000000000000E-003  4.630900000000000E-002
  1.095000000000000E-003  4.688700000000000E-002
  1.109000000000000E-003  4.747100000000000E-002
  1.123000000000000E-003  4.806300000000000E-002
  1.137000000000000E-003  4.866200000000000E-002
  1.151000000000000E-003  4.926800000000000E-002
  1.166000000000000E-003  4.988200000000000E-002
  1.180000000000000E-003  5.050400000000000E-002
  1.195000000000000E-003  5.113300000000000E-002
  1.210000000000000E-003  5.177000000000000E-002
  1.225000000000000E-003  5.241500000000000E-002
  1.241000000000000E-003  5.306700000000000E-002
  1.256000000000000E-003  5.372800000000000E-002
  1.272000000000000E-003  5.439700000000000E-002
  1.288000000000000E-003  5.507400000000000E-002
  1.304000000000000E-003  5.576000000000000E-002
  1.321000000000000E-003  5.645400000000000E-002
  1.338000000000000E-003  5.715600000000000E-002
  1.354000000000000E-003  5.786700000000000E-002
  1.371000000000000E-003  5.858700000000000E-002
  1.389000000000000E-003  5.931600000000000E-002
  1.406000000000000E-003  6.005400000000000E-002
  1.424000000000000E-003  6.080000000000000E-002
  1.442000000000000E-003  6.155600000000000E-002
  1.460000000000000E-003  6.232200000000000E-002
  1.478000000000000E-003  6.309600000000000E-002
  1.497000000000000E-003  6.388000000000001E-002
  1.516000000000000E-003  6.467400000000000E-002
  1.535000000000000E-003  6.547699999999999E-002
  1.554000000000000E-003  6.629100000000000E-002
  1.574000000000000E-003  6.711399999999999E-002
  1.593000000000000E-003  6.794699999999999E-002
  1.613000000000000E-003  6.879100000000000E-002
  1.634000000000000E-003  6.964500000000000E-002
  1.654000000000000E-003  7.050900000000000E-002
  1.675000000000000E-003  7.138400000000000E-002
  1.696000000000000E-003  7.227000000000000E-002
  1.717000000000000E-003  7.316700000000000E-002
  1.739000000000000E-003  7.407400000000000E-002
  1.761000000000000E-003  7.499300000000000E-002
  1.783000000000000E-003  7.592200000000000E-002
  1.805000000000000E-003  7.686400000000000E-002
  1.828000000000000E-003  7.781600000000000E-002
  1.851000000000000E-003  7.878000000000000E-002
  1.874000000000000E-003  7.975599999999999E-002
  1.898000000000000E-003  8.074400000000000E-002
  1.922000000000000E-003  8.174400000000000E-002
  1.946000000000000E-003  8.275700000000000E-002
  1.971000000000000E-003  8.378099999999999E-002
  1.995000000000000E-003  8.481800000000000E-002
  2.020000000000000E-003  8.586800000000000E-002
  2.046000000000000E-003  8.692999999999999E-002
  2.072000000000000E-003  8.800500000000000E-002
  2.098000000000000E-003  8.909300000000001E-002
  2.124000000000000E-003  9.019500000000000E-002
  2.151000000000000E-003  9.131000000000000E-002
  2.178000000000000E-003  9.243800000000001E-002
  2.205000000000000E-003  9.358100000000000E-002
  2.233000000000000E-003  9.473700000000000E-002
  2.261000000000000E-003  9.590700000000001E-002
  2.289000000000000E-003  9.709100000000000E-002
  2.318000000000000E-003  9.828900000000000E-002
  2.347000000000000E-003  9.950199999999999E-002
  2.377000000000000E-003  0.100730000000000     
  2.407000000000000E-003  0.101973000000000     
  2.437000000000000E-003  0.103230000000000     
  2.468000000000000E-003  0.104503000000000     
  2.499000000000000E-003  0.105791000000000     
  2.530000000000000E-003  0.107095000000000     
  2.562000000000000E-003  0.108414000000000     
  2.594000000000000E-003  0.109749000000000     
  2.627000000000000E-003  0.111101000000000     
  2.660000000000000E-003  0.112468000000000     
  2.693000000000000E-003  0.113852000000000     
  2.727000000000000E-003  0.115253000000000     
  2.762000000000000E-003  0.116671000000000     
  2.796000000000000E-003  0.118105000000000     
  2.832000000000000E-003  0.119557000000000     
  2.867000000000000E-003  0.121026000000000     
  2.903000000000000E-003  0.122513000000000     
  2.940000000000000E-003  0.124018000000000     
  2.977000000000000E-003  0.125541000000000     
  3.014000000000000E-003  0.127082000000000     
  3.052000000000000E-003  0.128641000000000     
  3.090000000000000E-003  0.130219000000000     
  3.129000000000000E-003  0.131816000000000     
  3.169000000000000E-003  0.133432000000000     
  3.209000000000000E-003  0.135067000000000     
  3.249000000000000E-003  0.136721000000000     
  3.290000000000000E-003  0.138396000000000     
  3.331000000000000E-003  0.140090000000000     
  3.373000000000000E-003  0.141804000000000     
  3.415000000000000E-003  0.143539000000000     
  3.458000000000000E-003  0.145295000000000     
  3.502000000000000E-003  0.147071000000000     
  3.546000000000000E-003  0.148868000000000     
  3.591000000000000E-003  0.150687000000000     
  3.636000000000000E-003  0.152527000000000     
  3.681000000000000E-003  0.154389000000000     
  3.728000000000000E-003  0.156273000000000     
  3.775000000000000E-003  0.158179000000000     
  3.822000000000000E-003  0.160107000000000     
  3.870000000000000E-003  0.162059000000000     
  3.919000000000000E-003  0.164033000000000     
  3.968000000000000E-003  0.166031000000000     
  4.018000000000000E-003  0.168052000000000     
  4.069000000000000E-003  0.170096000000000     
  4.120000000000000E-003  0.172165000000000     
  4.172000000000000E-003  0.174258000000000     
  4.224000000000000E-003  0.176376000000000     
  4.277000000000000E-003  0.178518000000000     
  4.331000000000000E-003  0.180686000000000     
  4.386000000000000E-003  0.182879000000000     
  4.441000000000000E-003  0.185097000000000     
  4.497000000000000E-003  0.187341000000000     
  4.553000000000000E-003  0.189612000000000     
  4.610000000000000E-003  0.191909000000000     
  4.668000000000000E-003  0.194232000000000     
  4.727000000000000E-003  0.196583000000000     
  4.787000000000000E-003  0.198960000000000     
  4.847000000000000E-003  0.201366000000000     
  4.908000000000000E-003  0.203799000000000     
  4.969000000000000E-003  0.206260000000000     
  5.032000000000000E-003  0.208750000000000     
  5.095000000000000E-003  0.211268000000000     
  5.159000000000000E-003  0.213816000000000     
  5.224000000000000E-003  0.216392000000000     
  5.290000000000000E-003  0.218999000000000     
  5.357000000000000E-003  0.221635000000000     
  5.424000000000000E-003  0.224302000000000     
  5.492000000000000E-003  0.226999000000000     
  5.561000000000000E-003  0.229727000000000     
  5.631000000000000E-003  0.232486000000000     
  5.702000000000000E-003  0.235276000000000     
  5.774000000000000E-003  0.238099000000000     
  5.846000000000000E-003  0.240953000000000     
  5.920000000000000E-003  0.243840000000000     
  5.994000000000000E-003  0.246760000000000     
  6.070000000000000E-003  0.249713000000000     
  6.146000000000000E-003  0.252699000000000     
  6.223000000000000E-003  0.255719000000000     
  6.302000000000000E-003  0.258773000000000     
  6.381000000000000E-003  0.261861000000000     
  6.461000000000000E-003  0.264984000000000     
  6.542000000000000E-003  0.268143000000000     
  6.625000000000000E-003  0.271336000000000     
  6.708000000000000E-003  0.274566000000000     
  6.792000000000000E-003  0.277831000000000     
  6.878000000000000E-003  0.281133000000000     
  6.964000000000000E-003  0.284472000000000     
  7.052000000000000E-003  0.287848000000000     
  7.141000000000000E-003  0.291261000000000     
  7.231000000000000E-003  0.294712000000000     
  7.321000000000000E-003  0.298202000000000     
  7.414000000000000E-003  0.301730000000000     
  7.507000000000000E-003  0.305297000000000     
  7.601000000000000E-003  0.308903000000000     
  7.697000000000000E-003  0.312549000000000     
  7.794000000000000E-003  0.316234000000000     
  7.892000000000000E-003  0.319961000000000     
  7.991000000000000E-003  0.323727000000000     
  8.090999999999999E-003  0.327535000000000     
  8.193000000000001E-003  0.331385000000000     
  8.296000000000000E-003  0.335276000000000     
  8.401000000000000E-003  0.339209000000000     
  8.506000000000000E-003  0.343185000000000     
  8.613000000000001E-003  0.347204000000000     
  8.722000000000001E-003  0.351266000000000     
  8.831000000000000E-003  0.355371000000000     
  8.942000000000000E-003  0.359521000000000     
  9.055000000000001E-003  0.363715000000000     
  9.169000000000000E-003  0.367954000000000     
  9.284000000000001E-003  0.372238000000000     
  9.401000000000000E-003  0.376568000000000     
  9.519000000000000E-003  0.380943000000000     
  9.639000000000000E-003  0.385365000000000     
  9.760000000000000E-003  0.389833000000000     
  9.882999999999999E-003  0.394348000000000     
  1.000700000000000E-002  0.398911000000000     
  1.013300000000000E-002  0.403521000000000     
  1.026100000000000E-002  0.408179000000000     
  1.039000000000000E-002  0.412886000000000     
  1.052000000000000E-002  0.417642000000000     
  1.065300000000000E-002  0.422447000000000     
  1.078700000000000E-002  0.427302000000000     
  1.092200000000000E-002  0.432207000000000     
  1.106000000000000E-002  0.437161000000000     
  1.119900000000000E-002  0.442167000000000     
  1.134000000000000E-002  0.447224000000000     
  1.148200000000000E-002  0.452332000000000     
  1.162700000000000E-002  0.457492000000000     
  1.177300000000000E-002  0.462704000000000     
  1.192100000000000E-002  0.467968000000000     
  1.207100000000000E-002  0.473286000000000     
  1.222300000000000E-002  0.478656000000000     
  1.237700000000000E-002  0.484081000000000     
  1.253200000000000E-002  0.489559000000000     
  1.269000000000000E-002  0.495091000000000     
  1.285000000000000E-002  0.500678000000000     
  1.301100000000000E-002  0.506320000000000     
  1.317500000000000E-002  0.512017000000000     
  1.334100000000000E-002  0.517770000000000     
  1.350800000000000E-002  0.523578000000000     
  1.367800000000000E-002  0.529443000000000     
  1.385000000000000E-002  0.535364000000000     
  1.402500000000000E-002  0.541343000000000     
  1.420100000000000E-002  0.547378000000000     
  1.438000000000000E-002  0.553471000000000     
  1.456100000000000E-002  0.559622000000000     
  1.474400000000000E-002  0.565831000000000     
  1.492900000000000E-002  0.572098000000000     
  1.511700000000000E-002  0.578424000000000     
  1.530700000000000E-002  0.584808000000000     
  1.550000000000000E-002  0.591252000000000     
  1.569500000000000E-002  0.597756000000000     
  1.589200000000000E-002  0.604319000000000     
  1.609200000000000E-002  0.610942000000000     
  1.629400000000000E-002  0.617625000000000     
  1.649900000000000E-002  0.624369000000000     
  1.670700000000000E-002  0.631174000000000     
  1.691700000000000E-002  0.638039000000000     
  1.713000000000000E-002  0.644965000000000     
  1.734500000000000E-002  0.651953000000000     
  1.756300000000000E-002  0.659002000000000     
  1.778400000000000E-002  0.666113000000000     
  1.800800000000000E-002  0.673286000000000     
  1.823400000000000E-002  0.680520000000000     
  1.846400000000000E-002  0.687817000000000     
  1.869600000000000E-002  0.695176000000000     
  1.893100000000000E-002  0.702597000000000     
  1.916900000000000E-002  0.710081000000000     
  1.941000000000000E-002  0.717628000000000     
  1.965500000000000E-002  0.725237000000000     
  1.990200000000000E-002  0.732909000000000     
  2.015200000000000E-002  0.740644000000000     
  2.040600000000000E-002  0.748442000000000     
  2.066200000000000E-002  0.756302000000000     
  2.092200000000000E-002  0.764226000000000     
  2.118500000000000E-002  0.772212000000000     
  2.145200000000000E-002  0.780262000000000     
  2.172200000000000E-002  0.788374000000000     
  2.199500000000000E-002  0.796549000000000     
  2.227200000000000E-002  0.804787000000000     
  2.255200000000000E-002  0.813088000000000     
  2.283500000000000E-002  0.821452000000000     
  2.312300000000000E-002  0.829877000000000     
  2.341400000000000E-002  0.838366000000000     
  2.370800000000000E-002  0.846916000000000     
  2.400600000000000E-002  0.855529000000000     
  2.430800000000000E-002  0.864203000000000     
  2.461400000000000E-002  0.872939000000000     
  2.492400000000000E-002  0.881736000000000     
  2.523700000000000E-002  0.890595000000000     
  2.555500000000000E-002  0.899514000000000     
  2.587600000000000E-002  0.908494000000000     
  2.620100000000000E-002  0.917535000000000     
  2.653100000000000E-002  0.926635000000000     
  2.686500000000000E-002  0.935794000000000     
  2.720300000000000E-002  0.945013000000000     
  2.754500000000000E-002  0.954290000000000     
  2.789100000000000E-002  0.963626000000000     
  2.824200000000000E-002  0.973020000000000     
  2.859700000000000E-002  0.982470000000000     
  2.895700000000000E-002  0.991978000000000     
  2.932100000000000E-002   1.00154100000000     
  2.969000000000000E-002   1.01116000000000     
  3.006400000000000E-002   1.02083400000000     
  3.044200000000000E-002   1.03056300000000     
  3.082500000000000E-002   1.04034400000000     
  3.121200000000000E-002   1.05017900000000     
  3.160500000000000E-002   1.06006600000000     
  3.200200000000000E-002   1.07000400000000     
  3.240500000000000E-002   1.07999300000000     
  3.281300000000000E-002   1.09003200000000     
  3.322500000000000E-002   1.10011900000000     
  3.364300000000000E-002   1.11025400000000     
  3.406600000000000E-002   1.12043600000000     
  3.449500000000000E-002   1.13066400000000     
  3.492900000000000E-002   1.14093700000000     
  3.536800000000000E-002   1.15125300000000     
  3.581300000000000E-002   1.16161300000000     
  3.626400000000000E-002   1.17201300000000     
  3.672000000000000E-002   1.18245500000000     
  3.718200000000000E-002   1.19293500000000     
  3.764900000000000E-002   1.20345300000000     
  3.812300000000000E-002   1.21400800000000     
  3.860200000000000E-002   1.22459800000000     
  3.908800000000000E-002   1.23522200000000     
  3.958000000000000E-002   1.24587800000000     
  4.007700000000000E-002   1.25656500000000     
  4.058200000000000E-002   1.26728100000000     
  4.109200000000000E-002   1.27802500000000     
  4.160900000000000E-002   1.28879600000000     
  4.213200000000000E-002   1.29959000000000     
  4.266200000000000E-002   1.31040800000000     
  4.319900000000000E-002   1.32124600000000     
  4.374200000000000E-002   1.33210400000000     
  4.429200000000000E-002   1.34297900000000     
  4.485000000000000E-002   1.35386900000000     
  4.541400000000000E-002   1.36477200000000     
  4.598500000000000E-002   1.37568800000000     
  4.656300000000000E-002   1.38661200000000     
  4.714900000000000E-002   1.39754400000000     
  4.774200000000000E-002   1.40848000000000     
  4.834300000000000E-002   1.41942000000000     
  4.895100000000000E-002   1.43036000000000     
  4.956600000000000E-002   1.44129900000000     
  5.019000000000000E-002   1.45223300000000     
  5.082100000000000E-002   1.46316000000000     
  5.146000000000000E-002   1.47407900000000     
  5.210800000000000E-002   1.48498600000000     
  5.276300000000000E-002   1.49587900000000     
  5.342700000000000E-002   1.50675500000000     
  5.409900000000000E-002   1.51761100000000     
  5.477900000000000E-002   1.52844500000000     
  5.546800000000000E-002   1.53925400000000     
  5.616600000000000E-002   1.55003500000000     
  5.687300000000000E-002   1.56078600000000     
  5.758800000000000E-002   1.57150200000000     
  5.831200000000000E-002   1.58218100000000     
  5.904600000000000E-002   1.59282000000000     
  5.978900000000000E-002   1.60341600000000     
  6.054100000000000E-002   1.61396600000000     
  6.130200000000000E-002   1.62446600000000     
  6.207300000000000E-002   1.63491300000000     
  6.285399999999999E-002   1.64530300000000     
  6.364499999999999E-002   1.65563400000000     
  6.444500000000000E-002   1.66590200000000     
  6.525599999999999E-002   1.67610300000000     
  6.607700000000000E-002   1.68623400000000     
  6.690800000000000E-002   1.69629000000000     
  6.774900000000000E-002   1.70627000000000     
  6.860100000000000E-002   1.71616700000000     
  6.946400000000000E-002   1.72598000000000     
  7.033800000000000E-002   1.73570300000000     
  7.122299999999999E-002   1.74533400000000     
  7.211900000000000E-002   1.75486800000000     
  7.302599999999999E-002   1.76430100000000     
  7.394400000000000E-002   1.77362900000000     
  7.487500000000000E-002   1.78284800000000     
  7.581599999999999E-002   1.79195500000000     
  7.677000000000000E-002   1.80094400000000     
  7.773600000000000E-002   1.80981200000000     
  7.871300000000001E-002   1.81855400000000     
  7.970400000000000E-002   1.82716700000000     
  8.070600000000000E-002   1.83564500000000     
  8.172100000000000E-002   1.84398500000000     
  8.274900000000000E-002   1.85218200000000     
  8.379000000000000E-002   1.86023200000000     
  8.484400000000000E-002   1.86813000000000     
  8.591100000000000E-002   1.87587200000000     
  8.699200000000000E-002   1.88345400000000     
  8.808600000000000E-002   1.89087000000000     
  8.919400000000000E-002   1.89811600000000     
  9.031599999999999E-002   1.90518900000000     
  9.145200000000001E-002   1.91208200000000     
  9.260200000000000E-002   1.91879300000000     
  9.376700000000000E-002   1.92531500000000     
  9.494700000000000E-002   1.93164500000000     
  9.614100000000000E-002   1.93777700000000     
  9.735000000000001E-002   1.94370800000000     
  9.857500000000000E-002   1.94943300000000     
  9.981500000000000E-002   1.95494600000000     
  0.101070000000000        1.96024400000000     
  0.102341000000000        1.96532200000000     
  0.103629000000000        1.97017500000000     
  0.104932000000000        1.97479900000000     
  0.106252000000000        1.97919000000000     
  0.107588000000000        1.98334100000000     
  0.108942000000000        1.98725100000000     
  0.110312000000000        1.99091300000000     
  0.111700000000000        1.99432300000000     
  0.113105000000000        1.99747700000000     
  0.114527000000000        2.00037100000000     
  0.115968000000000        2.00300100000000     
  0.117427000000000        2.00536100000000     
  0.118904000000000        2.00744900000000     
  0.120399000000000        2.00925900000000     
  0.121914000000000        2.01078800000000     
  0.123447000000000        2.01203200000000     
  0.125000000000000        2.01298700000000     
  0.126572000000000        2.01364900000000     
  0.128164000000000        2.01401400000000     
  0.129776000000000        2.01407800000000     
  0.131409000000000        2.01383900000000     
  0.133062000000000        2.01329300000000     
  0.134736000000000        2.01243600000000     
  0.136430000000000        2.01126400000000     
  0.138146000000000        2.00977600000000     
  0.139884000000000        2.00796700000000     
  0.141644000000000        2.00583500000000     
  0.143425000000000        2.00337700000000     
  0.145229000000000        2.00059100000000     
  0.147056000000000        1.99747300000000     
  0.148906000000000        1.99402200000000     
  0.150779000000000        1.99023600000000     
  0.152675000000000        1.98611100000000     
  0.154596000000000        1.98164700000000     
  0.156540000000000        1.97684100000000     
  0.158509000000000        1.97169300000000     
  0.160503000000000        1.96620000000000     
  0.162522000000000        1.96036100000000     
  0.164566000000000        1.95417600000000     
  0.166636000000000        1.94764200000000     
  0.168732000000000        1.94076100000000     
  0.170855000000000        1.93353100000000     
  0.173004000000000        1.92595200000000     
  0.175180000000000        1.91802300000000     
  0.177383000000000        1.90974600000000     
  0.179615000000000        1.90112000000000     
  0.181874000000000        1.89214600000000     
  0.184162000000000        1.88282500000000     
  0.186478000000000        1.87315700000000     
  0.188824000000000        1.86314500000000     
  0.191199000000000        1.85278900000000     
  0.193604000000000        1.84209100000000     
  0.196039000000000        1.83105300000000     
  0.198505000000000        1.81967700000000     
  0.201002000000000        1.80796600000000     
  0.203530000000000        1.79592300000000     
  0.206090000000000        1.78354900000000     
  0.208682000000000        1.77085000000000     
  0.211307000000000        1.75782700000000     
  0.213965000000000        1.74448500000000     
  0.216657000000000        1.73082700000000     
  0.219382000000000        1.71685800000000     
  0.222141000000000        1.70258200000000     
  0.224936000000000        1.68800400000000     
  0.227765000000000        1.67312800000000     
  0.230630000000000        1.65796100000000     
  0.233531000000000        1.64250700000000     
  0.236468000000000        1.62677100000000     
  0.239443000000000        1.61076100000000     
  0.242454000000000        1.59448300000000     
  0.245504000000000        1.57794100000000     
  0.248592000000000        1.56114400000000     
  0.251719000000000        1.54409800000000     
  0.254885000000000        1.52681100000000     
  0.258091000000000        1.50928900000000     
  0.261338000000000        1.49154100000000     
  0.264625000000000        1.47357300000000     
  0.267954000000000        1.45539500000000     
  0.271324000000000        1.43701400000000     
  0.274737000000000        1.41843900000000     
  0.278193000000000        1.39967900000000     
  0.281692000000000        1.38074100000000     
  0.285235000000000        1.36163600000000     
  0.288823000000000        1.34237300000000     
  0.292456000000000        1.32296000000000     
  0.296134000000000        1.30340800000000     
  0.299859000000000        1.28372600000000     
  0.303631000000000        1.26392300000000     
  0.307450000000000        1.24401100000000     
  0.311318000000000        1.22399800000000     
  0.315234000000000        1.20389600000000     
  0.319199000000000        1.18371500000000     
  0.323214000000000        1.16346400000000     
  0.327279000000000        1.14315500000000     
  0.331396000000000        1.12279900000000     
  0.335564000000000        1.10240500000000     
  0.339785000000000        1.08198500000000     
  0.344059000000000        1.06154900000000     
  0.348387000000000        1.04110900000000     
  0.352769000000000        1.02067600000000     
  0.357206000000000        1.00026000000000     
  0.361699000000000       0.979872000000000     
  0.366249000000000       0.959524000000000     
  0.370856000000000       0.939226000000000     
  0.375521000000000       0.918989000000000     
  0.380244000000000       0.898825000000000     
  0.385027000000000       0.878743000000000     
  0.389870000000000       0.858755000000000     
  0.394774000000000       0.838871000000000     
  0.399740000000000       0.819103000000000     
  0.404768000000000       0.799459000000000     
  0.409859000000000       0.779950000000000     
  0.415015000000000       0.760587000000000     
  0.420235000000000       0.741378000000000     
  0.425521000000000       0.722334000000000     
  0.430873000000000       0.703463000000000     
  0.436293000000000       0.684774000000000     
  0.441781000000000       0.666276000000000     
  0.447338000000000       0.647978000000000     
  0.452964000000000       0.629886000000000     
  0.458662000000000       0.612009000000000     
  0.464431000000000       0.594355000000000     
  0.470273000000000       0.576929000000000     
  0.476188000000000       0.559739000000000     
  0.482178000000000       0.542792000000000     
  0.488243000000000       0.526093000000000     
  0.494385000000000       0.509647000000000     
  0.500603000000000       0.493461000000000     
  0.506900000000000       0.477540000000000     
  0.513276000000000       0.461888000000000     
  0.519732000000000       0.446510000000000     
  0.526270000000000       0.431410000000000     
  0.532889000000000       0.416592000000000     
  0.539592000000000       0.402060000000000     
  0.546379000000000       0.387817000000000     
  0.553252000000000       0.373865000000000     
  0.560211000000000       0.360207000000000     
  0.567258000000000       0.346847000000000     
  0.574393000000000       0.333784000000000     
  0.581618000000000       0.321022000000000     
  0.588934000000000       0.308561000000000     
  0.596342000000000       0.296403000000000     
  0.603843000000000       0.284547000000000     
  0.611438000000000       0.272994000000000     
  0.619129000000000       0.261745000000000     
  0.626917000000000       0.250798000000000     
  0.634802000000000       0.240153000000000     
  0.642787000000000       0.229808000000000     
  0.650872000000000       0.219763000000000     
  0.659059000000000       0.210015000000000     
  0.667349000000000       0.200564000000000     
  0.675744000000000       0.191405000000000     
  0.684243000000000       0.182538000000000     
  0.692850000000000       0.173958000000000     
  0.701565000000000       0.165664000000000     
  0.710390000000000       0.157651000000000     
  0.719325000000000       0.149916000000000     
  0.728373000000000       0.142455000000000     
  0.737535000000000       0.135264000000000     
  0.746812000000000       0.128339000000000     
  0.756206000000000       0.121675000000000     
  0.765718000000000       0.115268000000000     
  0.775349000000000       0.109112000000000     
  0.785102000000000       0.103203000000000     
  0.794977000000000       9.753600000000000E-002
  0.804977000000000       9.210599999999999E-002
  0.815102000000000       8.690600000000000E-002
  0.825355000000000       8.193100000000000E-002
  0.835737000000000       7.717700000000000E-002
  0.846249000000000       7.263600000000001E-002
  0.856894000000000       6.830400000000000E-002
  0.867672000000000       6.417399999999999E-002
  0.878586000000000       6.024100000000000E-002
  0.889637000000000       5.649800000000000E-002
  0.900827000000000       5.294000000000000E-002
  0.912158000000000       4.956100000000000E-002
  0.923632000000000       4.635500000000000E-002
  0.935250000000000       4.331600000000000E-002
  0.947014000000000       4.043700000000000E-002
  0.958926000000000       3.771400000000000E-002
  0.970988000000000       3.514000000000000E-002
  0.983201000000000       3.271000000000000E-002
  0.995568000000000       3.041800000000000E-002
   1.00809100000000       2.825800000000000E-002
   1.02077100000000       2.622500000000000E-002
   1.03361100000000       2.431300000000000E-002
   1.04661200000000       2.251700000000000E-002
   1.05977700000000       2.083200000000000E-002
   1.07310700000000       1.925300000000000E-002
   1.08660500000000       1.777400000000000E-002
   1.10027300000000       1.639100000000000E-002
   1.11411300000000       1.509900000000000E-002
   1.12812700000000       1.389400000000000E-002
   1.14231700000000       1.277000000000000E-002
   1.15668500000000       1.172400000000000E-002
   1.17123500000000       1.075100000000000E-002
   1.18596700000000       9.847000000000000E-003
   1.20088500000000       9.009000000000000E-003
   1.21599000000000       8.232000000000000E-003
   1.23128500000000       7.513000000000000E-003
   1.24677300000000       6.849000000000000E-003
   1.26245500000000       6.235000000000000E-003
   1.27833500000000       5.670000000000000E-003
   1.29441400000000       5.149000000000000E-003
   1.31069600000000       4.670000000000000E-003
   1.32718300000000       4.230000000000000E-003
   1.34387700000000       3.826000000000000E-003
   1.36078100000000       3.457000000000000E-003
   1.37789700000000       3.119000000000000E-003
   1.39522900000000       2.810000000000000E-003
   1.41277900000000       2.528000000000000E-003
   1.43054900000000       2.272000000000000E-003
   1.44854300000000       2.038000000000000E-003
   1.46676400000000       1.826000000000000E-003
   1.48521300000000       1.634000000000000E-003
   1.50389500000000       1.459000000000000E-003
   1.52281200000000       1.302000000000000E-003
   1.54196600000000       1.160000000000000E-003
   1.56136200000000       1.031000000000000E-003
   1.58100100000000       9.160000000000000E-004
   1.60088800000000       8.120000000000000E-004
   1.62102500000000       7.190000000000000E-004
   1.64141500000000       6.350000000000000E-004
   1.66206100000000       5.610000000000000E-004
   1.68296700000000       4.940000000000000E-004
   1.70413600000000       4.340000000000000E-004
   1.72557200000000       3.810000000000000E-004
   1.74727700000000       3.340000000000000E-004
   1.76925500000000       2.930000000000000E-004
   1.79150900000000       2.560000000000000E-004
   1.81404400000000       2.230000000000000E-004
   1.83686200000000       1.940000000000000E-004
   1.85996600000000       1.690000000000000E-004
   1.88336200000000       1.460000000000000E-004
   1.90705200000000       1.270000000000000E-004
   1.93103900000000       1.090000000000000E-004
   1.95532900000000       9.399999999999999E-005
   1.97992400000000       8.100000000000000E-005
   2.00482800000000       6.999999999999999E-005
   2.03004600000000       6.000000000000000E-005
   2.05558100000000       5.100000000000000E-005
   2.08143700000000       4.400000000000000E-005
   2.10761800000000       3.700000000000000E-005
   2.13412900000000       3.200000000000000E-005
   2.16097300000000       2.700000000000000E-005
   2.18815400000000       2.300000000000000E-005
   2.21567800000000       1.900000000000000E-005
   2.24354800000000       1.600000000000000E-005
   2.27176800000000       1.400000000000000E-005
   2.30034300000000       1.200000000000000E-005
   2.32927800000000       1.000000000000000E-005
   2.35857700000000       8.000000000000000E-006
   2.38824400000000       7.000000000000000E-006
   2.41828500000000       6.000000000000000E-006
   2.44870300000000       5.000000000000000E-006
   2.47950400000000       4.000000000000000E-006
   2.51069200000000       3.000000000000000E-006
   2.54227300000000       3.000000000000000E-006
   2.57425100000000       2.000000000000000E-006
   2.60663100000000       2.000000000000000E-006
   2.63941800000000       2.000000000000000E-006
   2.67261800000000       1.000000000000000E-006
   2.70623500000000       1.000000000000000E-006
   2.74027500000000       1.000000000000000E-006
   2.77474400000000       1.000000000000000E-006
   2.80964600000000       1.000000000000000E-006
   2.84498700000000       0.000000000000000E+000
   2.88077200000000       0.000000000000000E+000
   2.91700800000000       0.000000000000000E+000
   2.95370000000000       0.000000000000000E+000
   2.99085200000000       0.000000000000000E+000
   3.02847300000000       0.000000000000000E+000
   3.06656600000000       0.000000000000000E+000
   3.10513900000000       0.000000000000000E+000
   3.14419700000000       0.000000000000000E+000
   3.18374600000000       0.000000000000000E+000
   3.22379200000000       0.000000000000000E+000
   3.26434300000000       0.000000000000000E+000
   3.30540300000000       0.000000000000000E+000
   3.34698000000000       0.000000000000000E+000
   3.38908000000000       0.000000000000000E+000
   3.43170900000000       0.000000000000000E+000
   3.47487500000000       0.000000000000000E+000
   3.51858300000000       0.000000000000000E+000
   3.56284200000000       0.000000000000000E+000
   3.60765700000000       0.000000000000000E+000
   3.65303500000000       0.000000000000000E+000
   3.69898500000000       0.000000000000000E+000
   3.74551300000000       0.000000000000000E+000
   3.79262500000000       0.000000000000000E+000
   3.84033100000000       0.000000000000000E+000
   3.88863600000000       0.000000000000000E+000
   3.93754900000000       0.000000000000000E+000
   3.98707700000000       0.000000000000000E+000
   4.03722900000000       0.000000000000000E+000
   4.08801100000000       0.000000000000000E+000
   4.13943100000000       0.000000000000000E+000
   4.19149900000000       0.000000000000000E+000
   4.24422200000000       0.000000000000000E+000
   4.29760700000000       0.000000000000000E+000
   4.35166500000000       0.000000000000000E+000
   4.40640200000000       0.000000000000000E+000
   4.46182800000000       0.000000000000000E+000
   4.51795000000000       0.000000000000000E+000
   4.57477900000000       0.000000000000000E+000
   4.63232300000000       0.000000000000000E+000
   4.69059000000000       0.000000000000000E+000
   4.74959100000000       0.000000000000000E+000
   4.80933300000000       0.000000000000000E+000
   4.86982700000000       0.000000000000000E+000
   4.93108200000000       0.000000000000000E+000
   4.99310700000000       0.000000000000000E+000
   5.05591300000000       0.000000000000000E+000
   5.11950900000000       0.000000000000000E+000
   5.18390400000000       0.000000000000000E+000
   5.24911000000000       0.000000000000000E+000
   5.31513500000000       0.000000000000000E+000
   5.38199100000000       0.000000000000000E+000
   5.44968900000000       0.000000000000000E+000
   5.51823700000000       0.000000000000000E+000
   5.58764800000000       0.000000000000000E+000
   5.65793200000000       0.000000000000000E+000
   5.72910000000000       0.000000000000000E+000
   5.80116300000000       0.000000000000000E+000
   5.87413300000000       0.000000000000000E+000
   5.94802000000000       0.000000000000000E+000
   6.02283700000000       0.000000000000000E+000
   6.09859500000000       0.000000000000000E+000
   6.17530600000000       0.000000000000000E+000
   6.25298200000000       0.000000000000000E+000
   6.33163500000000       0.000000000000000E+000
   6.41127700000000       0.000000000000000E+000
   6.49192100000000       0.000000000000000E+000
   6.57357900000000       0.000000000000000E+000
   6.65626500000000       0.000000000000000E+000
   6.73999000000000       0.000000000000000E+000
   6.82476900000000       0.000000000000000E+000
   6.91061400000000       0.000000000000000E+000
   6.99753900000000       0.000000000000000E+000
   7.08555700000000       0.000000000000000E+000
   7.17468200000000       0.000000000000000E+000
   7.26492900000000       0.000000000000000E+000
   7.35631000000000       0.000000000000000E+000
   7.44884100000000       0.000000000000000E+000
   7.54253600000000       0.000000000000000E+000
   7.63740900000000       0.000000000000000E+000
   7.73347600000000       0.000000000000000E+000
   7.83075100000000       0.000000000000000E+000
   7.92925000000000       0.000000000000000E+000
   8.02898800000000       0.000000000000000E+000
   8.12998000000000       0.000000000000000E+000
   8.23224300000000       0.000000000000000E+000
   8.33579100000000       0.000000000000000E+000
   8.44064300000000       0.000000000000000E+000
   8.54681300000000       0.000000000000000E+000
   8.65431900000000       0.000000000000000E+000
   8.76317700000000       0.000000000000000E+000
   8.87340400000000       0.000000000000000E+000
   8.98501700000000       0.000000000000000E+000
   9.09803500000000       0.000000000000000E+000
   9.21247400000000       0.000000000000000E+000
   9.32835300000000       0.000000000000000E+000
   9.44568900000000       0.000000000000000E+000
   9.56450100000000       0.000000000000000E+000
   9.68480800000000       0.000000000000000E+000
   9.80662800000000       0.000000000000000E+000
   9.92998000000000       0.000000000000000E+000
   10.0548840000000       0.000000000000000E+000
   10.1813590000000       0.000000000000000E+000
   10.3094240000000       0.000000000000000E+000
   10.4391010000000       0.000000000000000E+000
   10.5704090000000       0.000000000000000E+000
   10.7033680000000       0.000000000000000E+000
   10.8380000000000       0.000000000000000E+000
   10.9743250000000       0.000000000000000E+000
   11.1123650000000       0.000000000000000E+000
   11.2521410000000       0.000000000000000E+000
   11.3936760000000       0.000000000000000E+000
   11.5369910000000       0.000000000000000E+000
   11.6821080000000       0.000000000000000E+000
   11.8290510000000       0.000000000000000E+000
   11.9778420000000       0.000000000000000E+000
   12.1285050000000       0.000000000000000E+000
   12.2810630000000       0.000000000000000E+000
   12.4355390000000       0.000000000000000E+000
   12.5919590000000       0.000000000000000E+000
   12.7503470000000       0.000000000000000E+000
   12.9107260000000       0.000000000000000E+000
   13.0731230000000       0.000000000000000E+000
   13.2375630000000       0.000000000000000E+000
   13.4040710000000       0.000000000000000E+000
   13.5726730000000       0.000000000000000E+000
   13.7433970000000       0.000000000000000E+000
   13.9162670000000       0.000000000000000E+000
   14.0913120000000       0.000000000000000E+000
   14.2685590000000       0.000000000000000E+000
   14.4480360000000       0.000000000000000E+000
   14.6297690000000       0.000000000000000E+000
   14.8137890000000       0.000000000000000E+000
   15.0001240000000       0.000000000000000E+000
   15.1888020000000       0.000000000000000E+000
   15.3798540000000       0.000000000000000E+000
   15.5733090000000       0.000000000000000E+000
   15.7691970000000       0.000000000000000E+000
   15.9675490000000       0.000000000000000E+000
   16.1683960000000       0.000000000000000E+000
   16.3717690000000       0.000000000000000E+000
   16.5777010000000       0.000000000000000E+000
   16.7862220000000       0.000000000000000E+000
   16.9973670000000       0.000000000000000E+000
   17.2111680000000       0.000000000000000E+000
   17.4276580000000       0.000000000000000E+000
   17.6468700000000       0.000000000000000E+000
   17.8688410000000       0.000000000000000E+000
   18.0936030000000       0.000000000000000E+000
   18.3211930000000       0.000000000000000E+000
   18.5516450000000       0.000000000000000E+000
   18.7849960000000       0.000000000000000E+000
   19.0212820000000       0.000000000000000E+000
   19.2605400000000       0.000000000000000E+000
   19.5028080000000       0.000000000000000E+000
   19.7481230000000       0.000000000000000E+000
   19.9965240000000       0.000000000000000E+000
   20.2480490000000       0.000000000000000E+000
   20.5027380000000       0.000000000000000E+000
   20.7606310000000       0.000000000000000E+000
   21.0217680000000       0.000000000000000E+000
   21.2861890000000       0.000000000000000E+000
   21.5539360000000       0.000000000000000E+000
   21.8250510000000       0.000000000000000E+000
   22.0995770000000       0.000000000000000E+000
   22.3775550000000       0.000000000000000E+000
   22.6590300000000       0.000000000000000E+000
   22.9440460000000       0.000000000000000E+000
   23.2326460000000       0.000000000000000E+000
   23.5248770000000       0.000000000000000E+000
   23.8207840000000       0.000000000000000E+000
   24.1204120000000       0.000000000000000E+000
   24.4238100000000       0.000000000000000E+000
   24.7310230000000       0.000000000000000E+000
   25.0421010000000       0.000000000000000E+000
   25.3570920000000       0.000000000000000E+000
   25.6760450000000       0.000000000000000E+000
   25.9990100000000       0.000000000000000E+000
   26.3260370000000       0.000000000000000E+000
   26.6571780000000       0.000000000000000E+000
   26.9924840000000       0.000000000000000E+000
   27.3320080000000       0.000000000000000E+000
   27.6758020000000       0.000000000000000E+000
   28.0239210000000       0.000000000000000E+000
   28.3764180000000       0.000000000000000E+000
   28.7333500000000       0.000000000000000E+000
   29.0947710000000       0.000000000000000E+000
   29.4607380000000       0.000000000000000E+000
   29.8313080000000       0.000000000000000E+000
   30.2065400000000       0.000000000000000E+000
   30.5864920000000       0.000000000000000E+000
   30.9712220000000       0.000000000000000E+000
   31.3607920000000       0.000000000000000E+000
   31.7552620000000       0.000000000000000E+000
   32.1546940000000       0.000000000000000E+000
   32.5591510000000       0.000000000000000E+000
   32.9686940000000       0.000000000000000E+000
   33.3833900000000       0.000000000000000E+000
   33.8033010000000       0.000000000000000E+000
   34.2284940000000       0.000000000000000E+000
   34.6590360000000       0.000000000000000E+000
   35.0949930000000       0.000000000000000E+000
   35.5364330000000       0.000000000000000E+000
   35.9834270000000       0.000000000000000E+000
   36.4360420000000       0.000000000000000E+000
   36.8943510000000       0.000000000000000E+000
   37.3584250000000       0.000000000000000E+000
   37.8283360000000       0.000000000000000E+000
   38.3041580000000       0.000000000000000E+000
   38.7859650000000       0.000000000000000E+000
   39.2738330000000       0.000000000000000E+000
   39.7678370000000       0.000000000000000E+000
   40.2680540000000       0.000000000000000E+000
   40.7745640000000       0.000000000000000E+000
   41.2874450000000       0.000000000000000E+000
   41.8067770000000       0.000000000000000E+000
   42.3326420000000       0.000000000000000E+000
   42.8651210000000       0.000000000000000E+000
   43.4042980000000       0.000000000000000E+000
   43.9502560000000       0.000000000000000E+000
   44.5030830000000       0.000000000000000E+000
   45.0628620000000       0.000000000000000E+000
   45.6296830000000       0.000000000000000E+000
   46.2036340000000       0.000000000000000E+000
   46.7848040000000       0.000000000000000E+000
   47.3732850000000       0.000000000000000E+000
   47.9691670000000       0.000000000000000E+000
   48.5725450000000       0.000000000000000E+000
   49.1835130000000       0.000000000000000E+000
   49.8021650000000       0.000000000000000E+000
   50.4285990000000       0.000000000000000E+000
   51.0629130000000       0.000000000000000E+000
   51.7052050000000       0.000000000000000E+000
   52.3555770000000       0.000000000000000E+000
   53.0141290000000       0.000000000000000E+000
   53.6809640000000       0.000000000000000E+000
   54.3561880000000       0.000000000000000E+000
   55.0399040000000       0.000000000000000E+000
   55.7322210000000       0.000000000000000E+000
   56.4332460000000       0.000000000000000E+000
   57.1430890000000       0.000000000000000E+000
   57.8618610000000       0.000000000000000E+000
   58.5896730000000       0.000000000000000E+000
   59.3266410000000       0.000000000000000E+000
   60.0728780000000       0.000000000000000E+000
   60.8285020000000       0.000000000000000E+000
   61.5936300000000       0.000000000000000E+000
   62.3683830000000       0.000000000000000E+000
   63.1528800000000       0.000000000000000E+000
   63.9472460000000       0.000000000000000E+000
   64.7516030000000       0.000000000000000E+000
   65.5660780000000       0.000000000000000E+000
   66.3907980000000       0.000000000000000E+000
   67.2258910000000       0.000000000000000E+000
   68.0714890000000       0.000000000000000E+000
   68.9277230000000       0.000000000000000E+000
   69.7947270000000       0.000000000000000E+000
   70.6726360000000       0.000000000000000E+000
   71.5615890000000       0.000000000000000E+000
   72.4617230000000       0.000000000000000E+000
   73.3731790000000       0.000000000000000E+000
   74.2961000000000       0.000000000000000E+000
   75.2306300000000       0.000000000000000E+000
   76.1769150000000       0.000000000000000E+000
   77.1351020000000       0.000000000000000E+000
   78.1053420000000       0.000000000000000E+000
   79.0877870000000       0.000000000000000E+000
   80.0825880000000       0.000000000000000E+000
   81.0899030000000       0.000000000000000E+000
   82.1098890000000       0.000000000000000E+000
   83.1427040000000       0.000000000000000E+000
   84.1885110000000       0.000000000000000E+000
   85.2474720000000       0.000000000000000E+000
   86.3197530000000       0.000000000000000E+000
   87.4055220000000       0.000000000000000E+000
   88.5049480000000       0.000000000000000E+000
   89.6182030000000       0.000000000000000E+000
   90.7454610000000       0.000000000000000E+000
   91.8868990000000       0.000000000000000E+000
   93.0426940000000       0.000000000000000E+000
   94.2130270000000       0.000000000000000E+000
   95.3980810000000       0.000000000000000E+000
   96.5980410000000       0.000000000000000E+000
   97.8130940000000       0.000000000000000E+000
   99.0434320000000       0.000000000000000E+000
