  1.140000000000000E-004  1.761000000000000E-003
  1.150000000000000E-004  1.784000000000000E-003
  1.170000000000000E-004  1.806000000000000E-003
  1.180000000000000E-004  1.829000000000000E-003
  1.200000000000000E-004  1.852000000000000E-003
  1.210000000000000E-004  1.875000000000000E-003
  1.230000000000000E-004  1.899000000000000E-003
  1.240000000000000E-004  1.922000000000000E-003
  1.260000000000000E-004  1.947000000000000E-003
  1.280000000000000E-004  1.971000000000000E-003
  1.290000000000000E-004  1.996000000000000E-003
  1.310000000000000E-004  2.021000000000000E-003
  1.320000000000000E-004  2.046000000000000E-003
  1.340000000000000E-004  2.072000000000000E-003
  1.360000000000000E-004  2.098000000000000E-003
  1.370000000000000E-004  2.125000000000000E-003
  1.390000000000000E-004  2.151000000000000E-003
  1.410000000000000E-004  2.178000000000000E-003
  1.430000000000000E-004  2.206000000000000E-003
  1.450000000000000E-004  2.234000000000000E-003
  1.460000000000000E-004  2.262000000000000E-003
  1.480000000000000E-004  2.290000000000000E-003
  1.500000000000000E-004  2.319000000000000E-003
  1.520000000000000E-004  2.348000000000000E-003
  1.540000000000000E-004  2.378000000000000E-003
  1.560000000000000E-004  2.408000000000000E-003
  1.580000000000000E-004  2.438000000000000E-003
  1.600000000000000E-004  2.469000000000000E-003
  1.620000000000000E-004  2.500000000000000E-003
  1.640000000000000E-004  2.531000000000000E-003
  1.660000000000000E-004  2.563000000000000E-003
  1.680000000000000E-004  2.595000000000000E-003
  1.700000000000000E-004  2.628000000000000E-003
  1.720000000000000E-004  2.661000000000000E-003
  1.740000000000000E-004  2.694000000000000E-003
  1.770000000000000E-004  2.728000000000000E-003
  1.790000000000000E-004  2.762000000000000E-003
  1.810000000000000E-004  2.797000000000000E-003
  1.830000000000000E-004  2.832000000000000E-003
  1.860000000000000E-004  2.868000000000000E-003
  1.880000000000000E-004  2.904000000000000E-003
  1.900000000000000E-004  2.941000000000000E-003
  1.930000000000000E-004  2.978000000000000E-003
  1.950000000000000E-004  3.015000000000000E-003
  1.980000000000000E-004  3.053000000000000E-003
  2.000000000000000E-004  3.091000000000000E-003
  2.030000000000000E-004  3.130000000000000E-003
  2.050000000000000E-004  3.170000000000000E-003
  2.080000000000000E-004  3.210000000000000E-003
  2.100000000000000E-004  3.250000000000000E-003
  2.130000000000000E-004  3.291000000000000E-003
  2.160000000000000E-004  3.332000000000000E-003
  2.180000000000000E-004  3.374000000000000E-003
  2.210000000000000E-004  3.417000000000000E-003
  2.240000000000000E-004  3.459000000000000E-003
  2.270000000000000E-004  3.503000000000000E-003
  2.300000000000000E-004  3.547000000000000E-003
  2.320000000000000E-004  3.592000000000000E-003
  2.350000000000000E-004  3.637000000000000E-003
  2.380000000000000E-004  3.683000000000000E-003
  2.410000000000000E-004  3.729000000000000E-003
  2.440000000000000E-004  3.776000000000000E-003
  2.470000000000000E-004  3.823000000000000E-003
  2.510000000000000E-004  3.871000000000000E-003
  2.540000000000000E-004  3.920000000000000E-003
  2.570000000000000E-004  3.969000000000000E-003
  2.600000000000000E-004  4.019000000000000E-003
  2.630000000000000E-004  4.070000000000000E-003
  2.670000000000000E-004  4.121000000000000E-003
  2.700000000000000E-004  4.173000000000000E-003
  2.730000000000000E-004  4.225000000000000E-003
  2.770000000000000E-004  4.279000000000000E-003
  2.800000000000000E-004  4.332000000000000E-003
  2.840000000000000E-004  4.387000000000000E-003
  2.870000000000000E-004  4.442000000000000E-003
  2.910000000000000E-004  4.498000000000000E-003
  2.950000000000000E-004  4.555000000000000E-003
  2.980000000000000E-004  4.612000000000000E-003
  3.020000000000000E-004  4.670000000000000E-003
  3.060000000000000E-004  4.729000000000000E-003
  3.100000000000000E-004  4.788000000000000E-003
  3.140000000000000E-004  4.848000000000000E-003
  3.180000000000000E-004  4.909000000000000E-003
  3.220000000000000E-004  4.971000000000000E-003
  3.260000000000000E-004  5.034000000000000E-003
  3.300000000000000E-004  5.097000000000000E-003
  3.340000000000000E-004  5.161000000000000E-003
  3.380000000000000E-004  5.226000000000000E-003
  3.420000000000000E-004  5.292000000000000E-003
  3.470000000000000E-004  5.358000000000000E-003
  3.510000000000000E-004  5.426000000000000E-003
  3.560000000000000E-004  5.494000000000000E-003
  3.600000000000000E-004  5.563000000000000E-003
  3.650000000000000E-004  5.633000000000000E-003
  3.690000000000000E-004  5.704000000000000E-003
  3.740000000000000E-004  5.775000000000000E-003
  3.780000000000000E-004  5.848000000000000E-003
  3.830000000000000E-004  5.922000000000000E-003
  3.880000000000000E-004  5.996000000000000E-003
  3.930000000000000E-004  6.072000000000000E-003
  3.980000000000000E-004  6.148000000000000E-003
  4.030000000000000E-004  6.225000000000000E-003
  4.080000000000000E-004  6.304000000000000E-003
  4.130000000000000E-004  6.383000000000000E-003
  4.180000000000000E-004  6.463000000000000E-003
  4.240000000000000E-004  6.544000000000000E-003
  4.290000000000000E-004  6.627000000000000E-003
  4.340000000000000E-004  6.710000000000000E-003
  4.400000000000000E-004  6.795000000000000E-003
  4.450000000000000E-004  6.880000000000000E-003
  4.510000000000000E-004  6.967000000000000E-003
  4.560000000000000E-004  7.054000000000000E-003
  4.620000000000000E-004  7.143000000000000E-003
  4.680000000000000E-004  7.233000000000000E-003
  4.740000000000000E-004  7.324000000000000E-003
  4.800000000000000E-004  7.416000000000000E-003
  4.860000000000000E-004  7.509000000000000E-003
  4.920000000000000E-004  7.604000000000000E-003
  4.980000000000000E-004  7.699000000000000E-003
  5.050000000000000E-004  7.796000000000000E-003
  5.110000000000000E-004  7.894000000000000E-003
  5.170000000000000E-004  7.993000000000000E-003
  5.240000000000001E-004  8.094000000000000E-003
  5.300000000000000E-004  8.196000000000000E-003
  5.370000000000000E-004  8.299000000000001E-003
  5.440000000000000E-004  8.403000000000001E-003
  5.509999999999999E-004  8.508999999999999E-003
  5.580000000000000E-004  8.616000000000000E-003
  5.650000000000000E-004  8.724000000000001E-003
  5.720000000000000E-004  8.834000000000000E-003
  5.790000000000000E-004  8.945000000000000E-003
  5.860000000000000E-004  9.058000000000000E-003
  5.940000000000000E-004  9.172000000000000E-003
  6.010000000000000E-004  9.287000000000000E-003
  6.089999999999999E-004  9.403999999999999E-003
  6.160000000000000E-004  9.521999999999999E-003
  6.240000000000000E-004  9.642000000000000E-003
  6.320000000000000E-004  9.763000000000001E-003
  6.400000000000001E-004  9.886000000000001E-003
  6.480000000000000E-004  1.001000000000000E-002
  6.560000000000000E-004  1.013600000000000E-002
  6.640000000000000E-004  1.026400000000000E-002
  6.730000000000000E-004  1.039300000000000E-002
  6.810000000000000E-004  1.052400000000000E-002
  6.900000000000000E-004  1.065600000000000E-002
  6.980000000000001E-004  1.079000000000000E-002
  7.069999999999999E-004  1.092600000000000E-002
  7.159999999999999E-004  1.106300000000000E-002
  7.250000000000000E-004  1.120200000000000E-002
  7.340000000000000E-004  1.134300000000000E-002
  7.430000000000000E-004  1.148600000000000E-002
  7.530000000000000E-004  1.163000000000000E-002
  7.620000000000000E-004  1.177700000000000E-002
  7.720000000000000E-004  1.192500000000000E-002
  7.810000000000000E-004  1.207500000000000E-002
  7.910000000000000E-004  1.222700000000000E-002
  8.010000000000000E-004  1.238100000000000E-002
  8.110000000000000E-004  1.253600000000000E-002
  8.210000000000000E-004  1.269400000000000E-002
  8.319999999999999E-004  1.285400000000000E-002
  8.420000000000000E-004  1.301500000000000E-002
  8.530000000000000E-004  1.317900000000000E-002
  8.640000000000000E-004  1.334500000000000E-002
  8.740000000000000E-004  1.351300000000000E-002
  8.850000000000000E-004  1.368300000000000E-002
  8.970000000000000E-004  1.385500000000000E-002
  9.080000000000000E-004  1.402900000000000E-002
  9.190000000000000E-004  1.420500000000000E-002
  9.310000000000000E-004  1.438400000000000E-002
  9.430000000000000E-004  1.456500000000000E-002
  9.540000000000000E-004  1.474800000000000E-002
  9.660000000000000E-004  1.493400000000000E-002
  9.790000000000001E-004  1.512200000000000E-002
  9.909999999999999E-004  1.531200000000000E-002
  1.003000000000000E-003  1.550400000000000E-002
  1.016000000000000E-003  1.569900000000000E-002
  1.029000000000000E-003  1.589700000000000E-002
  1.042000000000000E-003  1.609700000000000E-002
  1.055000000000000E-003  1.629900000000000E-002
  1.068000000000000E-003  1.650400000000000E-002
  1.081000000000000E-003  1.671200000000000E-002
  1.095000000000000E-003  1.692200000000000E-002
  1.109000000000000E-003  1.713500000000000E-002
  1.123000000000000E-003  1.735100000000000E-002
  1.137000000000000E-003  1.756900000000000E-002
  1.151000000000000E-003  1.779000000000000E-002
  1.166000000000000E-003  1.801400000000000E-002
  1.180000000000000E-003  1.824000000000000E-002
  1.195000000000000E-003  1.847000000000000E-002
  1.210000000000000E-003  1.870200000000000E-002
  1.225000000000000E-003  1.893700000000000E-002
  1.241000000000000E-003  1.917500000000000E-002
  1.256000000000000E-003  1.941700000000000E-002
  1.272000000000000E-003  1.966100000000000E-002
  1.288000000000000E-003  1.990800000000000E-002
  1.304000000000000E-003  2.015800000000000E-002
  1.321000000000000E-003  2.041200000000000E-002
  1.338000000000000E-003  2.066900000000000E-002
  1.354000000000000E-003  2.092900000000000E-002
  1.371000000000000E-003  2.119200000000000E-002
  1.389000000000000E-003  2.145900000000000E-002
  1.406000000000000E-003  2.172800000000000E-002
  1.424000000000000E-003  2.200200000000000E-002
  1.442000000000000E-003  2.227900000000000E-002
  1.460000000000000E-003  2.255900000000000E-002
  1.478000000000000E-003  2.284300000000000E-002
  1.497000000000000E-003  2.313000000000000E-002
  1.516000000000000E-003  2.342100000000000E-002
  1.535000000000000E-003  2.371500000000000E-002
  1.554000000000000E-003  2.401400000000000E-002
  1.574000000000000E-003  2.431600000000000E-002
  1.593000000000000E-003  2.462200000000000E-002
  1.613000000000000E-003  2.493100000000000E-002
  1.634000000000000E-003  2.524500000000000E-002
  1.654000000000000E-003  2.556200000000000E-002
  1.675000000000000E-003  2.588400000000000E-002
  1.696000000000000E-003  2.621000000000000E-002
  1.717000000000000E-003  2.653900000000000E-002
  1.739000000000000E-003  2.687300000000000E-002
  1.761000000000000E-003  2.721100000000000E-002
  1.783000000000000E-003  2.755300000000000E-002
  1.805000000000000E-003  2.790000000000000E-002
  1.828000000000000E-003  2.825100000000000E-002
  1.851000000000000E-003  2.860600000000000E-002
  1.874000000000000E-003  2.896600000000000E-002
  1.898000000000000E-003  2.933000000000000E-002
  1.922000000000000E-003  2.969900000000000E-002
  1.946000000000000E-003  3.007300000000000E-002
  1.971000000000000E-003  3.045100000000000E-002
  1.995000000000000E-003  3.083400000000000E-002
  2.020000000000000E-003  3.122200000000000E-002
  2.046000000000000E-003  3.161500000000000E-002
  2.072000000000000E-003  3.201200000000000E-002
  2.098000000000000E-003  3.241500000000000E-002
  2.124000000000000E-003  3.282300000000000E-002
  2.151000000000000E-003  3.323600000000000E-002
  2.178000000000000E-003  3.365400000000000E-002
  2.205000000000000E-003  3.407700000000000E-002
  2.233000000000000E-003  3.450600000000000E-002
  2.261000000000000E-003  3.494000000000000E-002
  2.289000000000000E-003  3.537900000000000E-002
  2.318000000000000E-003  3.582400000000000E-002
  2.347000000000000E-003  3.627500000000000E-002
  2.377000000000000E-003  3.673100000000000E-002
  2.407000000000000E-003  3.719300000000000E-002
  2.437000000000000E-003  3.766100000000000E-002
  2.468000000000000E-003  3.813500000000000E-002
  2.499000000000000E-003  3.861400000000000E-002
  2.530000000000000E-003  3.910000000000000E-002
  2.562000000000000E-003  3.959200000000000E-002
  2.594000000000000E-003  4.009000000000000E-002
  2.627000000000000E-003  4.059400000000000E-002
  2.660000000000000E-003  4.110500000000000E-002
  2.693000000000000E-003  4.162200000000000E-002
  2.727000000000000E-003  4.214500000000000E-002
  2.762000000000000E-003  4.267500000000000E-002
  2.796000000000000E-003  4.321200000000000E-002
  2.832000000000000E-003  4.375600000000000E-002
  2.867000000000000E-003  4.430600000000000E-002
  2.903000000000000E-003  4.486300000000000E-002
  2.940000000000000E-003  4.542800000000000E-002
  2.977000000000000E-003  4.599900000000000E-002
  3.014000000000000E-003  4.657800000000000E-002
  3.052000000000000E-003  4.716400000000000E-002
  3.090000000000000E-003  4.775700000000000E-002
  3.129000000000000E-003  4.835800000000000E-002
  3.169000000000000E-003  4.896600000000000E-002
  3.209000000000000E-003  4.958200000000000E-002
  3.249000000000000E-003  5.020500000000000E-002
  3.290000000000000E-003  5.083700000000000E-002
  3.331000000000000E-003  5.147600000000000E-002
  3.373000000000000E-003  5.212400000000000E-002
  3.415000000000000E-003  5.278000000000000E-002
  3.458000000000000E-003  5.344300000000000E-002
  3.502000000000000E-003  5.411600000000000E-002
  3.546000000000000E-003  5.479600000000000E-002
  3.591000000000000E-003  5.548600000000000E-002
  3.636000000000000E-003  5.618400000000000E-002
  3.681000000000000E-003  5.689000000000000E-002
  3.728000000000000E-003  5.760600000000000E-002
  3.775000000000000E-003  5.833000000000000E-002
  3.822000000000000E-003  5.906400000000000E-002
  3.870000000000000E-003  5.980700000000000E-002
  3.919000000000000E-003  6.055900000000000E-002
  3.968000000000000E-003  6.132100000000000E-002
  4.018000000000000E-003  6.209200000000000E-002
  4.069000000000000E-003  6.287300000000000E-002
  4.120000000000000E-003  6.366400000000000E-002
  4.172000000000000E-003  6.446499999999999E-002
  4.224000000000000E-003  6.527600000000000E-002
  4.277000000000000E-003  6.609700000000000E-002
  4.331000000000000E-003  6.692800000000000E-002
  4.386000000000000E-003  6.777000000000000E-002
  4.441000000000000E-003  6.862300000000000E-002
  4.497000000000000E-003  6.948600000000001E-002
  4.553000000000000E-003  7.036000000000001E-002
  4.610000000000000E-003  7.124500000000000E-002
  4.668000000000000E-003  7.214100000000000E-002
  4.727000000000000E-003  7.304900000000000E-002
  4.787000000000000E-003  7.396700000000000E-002
  4.847000000000000E-003  7.489800000000001E-002
  4.908000000000000E-003  7.584000000000000E-002
  4.969000000000000E-003  7.679400000000000E-002
  5.032000000000000E-003  7.776000000000000E-002
  5.095000000000000E-003  7.873800000000000E-002
  5.159000000000000E-003  7.972799999999999E-002
  5.224000000000000E-003  8.073100000000000E-002
  5.290000000000000E-003  8.174700000000000E-002
  5.357000000000000E-003  8.277500000000000E-002
  5.424000000000000E-003  8.381600000000000E-002
  5.492000000000000E-003  8.487000000000000E-002
  5.561000000000000E-003  8.593800000000000E-002
  5.631000000000000E-003  8.701900000000000E-002
  5.702000000000000E-003  8.811400000000000E-002
  5.774000000000000E-003  8.922200000000000E-002
  5.846000000000000E-003  9.034399999999999E-002
  5.920000000000000E-003  9.148100000000001E-002
  5.994000000000000E-003  9.263100000000001E-002
  6.070000000000000E-003  9.379600000000000E-002
  6.146000000000000E-003  9.497600000000000E-002
  6.223000000000000E-003  9.617100000000001E-002
  6.302000000000000E-003  9.738100000000000E-002
  6.381000000000000E-003  9.860500000000000E-002
  6.461000000000000E-003  9.984600000000000E-002
  6.542000000000000E-003  0.101102000000000     
  6.625000000000000E-003  0.102373000000000     
  6.708000000000000E-003  0.103661000000000     
  6.792000000000000E-003  0.104965000000000     
  6.878000000000000E-003  0.106285000000000     
  6.964000000000000E-003  0.107622000000000     
  7.052000000000000E-003  0.108976000000000     
  7.141000000000000E-003  0.110347000000000     
  7.231000000000000E-003  0.111735000000000     
  7.321000000000000E-003  0.113140000000000     
  7.414000000000000E-003  0.114563000000000     
  7.507000000000000E-003  0.116004000000000     
  7.601000000000000E-003  0.117464000000000     
  7.697000000000000E-003  0.118941000000000     
  7.794000000000000E-003  0.120437000000000     
  7.892000000000000E-003  0.121952000000000     
  7.991000000000000E-003  0.123486000000000     
  8.090999999999999E-003  0.125039000000000     
  8.193000000000001E-003  0.126612000000000     
  8.296000000000000E-003  0.128205000000000     
  8.401000000000000E-003  0.129817000000000     
  8.506000000000000E-003  0.131450000000000     
  8.613000000000001E-003  0.133104000000000     
  8.722000000000001E-003  0.134778000000000     
  8.831000000000000E-003  0.136473000000000     
  8.942000000000000E-003  0.138190000000000     
  9.055000000000001E-003  0.139928000000000     
  9.169000000000000E-003  0.141688000000000     
  9.284000000000001E-003  0.143471000000000     
  9.401000000000000E-003  0.145275000000000     
  9.519000000000000E-003  0.147103000000000     
  9.639000000000000E-003  0.148953000000000     
  9.760000000000000E-003  0.150827000000000     
  9.882999999999999E-003  0.152724000000000     
  1.000700000000000E-002  0.154645000000000     
  1.013300000000000E-002  0.156590000000000     
  1.026100000000000E-002  0.158560000000000     
  1.039000000000000E-002  0.160554000000000     
  1.052000000000000E-002  0.162574000000000     
  1.065300000000000E-002  0.164619000000000     
  1.078700000000000E-002  0.166689000000000     
  1.092200000000000E-002  0.168786000000000     
  1.106000000000000E-002  0.170909000000000     
  1.119900000000000E-002  0.173059000000000     
  1.134000000000000E-002  0.175236000000000     
  1.148200000000000E-002  0.177440000000000     
  1.162700000000000E-002  0.179672000000000     
  1.177300000000000E-002  0.181932000000000     
  1.192100000000000E-002  0.184221000000000     
  1.207100000000000E-002  0.186538000000000     
  1.222300000000000E-002  0.188884000000000     
  1.237700000000000E-002  0.191260000000000     
  1.253200000000000E-002  0.193666000000000     
  1.269000000000000E-002  0.196102000000000     
  1.285000000000000E-002  0.198569000000000     
  1.301100000000000E-002  0.201067000000000     
  1.317500000000000E-002  0.203596000000000     
  1.334100000000000E-002  0.206157000000000     
  1.350800000000000E-002  0.208750000000000     
  1.367800000000000E-002  0.211376000000000     
  1.385000000000000E-002  0.214035000000000     
  1.402500000000000E-002  0.216727000000000     
  1.420100000000000E-002  0.219453000000000     
  1.438000000000000E-002  0.222214000000000     
  1.456100000000000E-002  0.225009000000000     
  1.474400000000000E-002  0.227839000000000     
  1.492900000000000E-002  0.230705000000000     
  1.511700000000000E-002  0.233607000000000     
  1.530700000000000E-002  0.236546000000000     
  1.550000000000000E-002  0.239521000000000     
  1.569500000000000E-002  0.242534000000000     
  1.589200000000000E-002  0.245585000000000     
  1.609200000000000E-002  0.248674000000000     
  1.629400000000000E-002  0.251802000000000     
  1.649900000000000E-002  0.254970000000000     
  1.670700000000000E-002  0.258177000000000     
  1.691700000000000E-002  0.261424000000000     
  1.713000000000000E-002  0.264713000000000     
  1.734500000000000E-002  0.268043000000000     
  1.756300000000000E-002  0.271414000000000     
  1.778400000000000E-002  0.274829000000000     
  1.800800000000000E-002  0.278286000000000     
  1.823400000000000E-002  0.281786000000000     
  1.846400000000000E-002  0.285331000000000     
  1.869600000000000E-002  0.288920000000000     
  1.893100000000000E-002  0.292554000000000     
  1.916900000000000E-002  0.296234000000000     
  1.941000000000000E-002  0.299961000000000     
  1.965500000000000E-002  0.303734000000000     
  1.990200000000000E-002  0.307555000000000     
  2.015200000000000E-002  0.311423000000000     
  2.040600000000000E-002  0.315341000000000     
  2.066200000000000E-002  0.319308000000000     
  2.092200000000000E-002  0.323324000000000     
  2.118500000000000E-002  0.327391000000000     
  2.145200000000000E-002  0.331510000000000     
  2.172200000000000E-002  0.335680000000000     
  2.199500000000000E-002  0.339902000000000     
  2.227200000000000E-002  0.344178000000000     
  2.255200000000000E-002  0.348508000000000     
  2.283500000000000E-002  0.352892000000000     
  2.312300000000000E-002  0.357331000000000     
  2.341400000000000E-002  0.361826000000000     
  2.370800000000000E-002  0.366377000000000     
  2.400600000000000E-002  0.370986000000000     
  2.430800000000000E-002  0.375653000000000     
  2.461400000000000E-002  0.380378000000000     
  2.492400000000000E-002  0.385163000000000     
  2.523700000000000E-002  0.390009000000000     
  2.555500000000000E-002  0.394915000000000     
  2.587600000000000E-002  0.399882000000000     
  2.620100000000000E-002  0.404913000000000     
  2.653100000000000E-002  0.410006000000000     
  2.686500000000000E-002  0.415164000000000     
  2.720300000000000E-002  0.420387000000000     
  2.754500000000000E-002  0.425675000000000     
  2.789100000000000E-002  0.431030000000000     
  2.824200000000000E-002  0.436452000000000     
  2.859700000000000E-002  0.441942000000000     
  2.895700000000000E-002  0.447502000000000     
  2.932100000000000E-002  0.453131000000000     
  2.969000000000000E-002  0.458831000000000     
  3.006400000000000E-002  0.464603000000000     
  3.044200000000000E-002  0.470448000000000     
  3.082500000000000E-002  0.476366000000000     
  3.121200000000000E-002  0.482359000000000     
  3.160500000000000E-002  0.488427000000000     
  3.200200000000000E-002  0.494571000000000     
  3.240500000000000E-002  0.500792000000000     
  3.281300000000000E-002  0.507092000000000     
  3.322500000000000E-002  0.513471000000000     
  3.364300000000000E-002  0.519931000000000     
  3.406600000000000E-002  0.526471000000000     
  3.449500000000000E-002  0.533094000000000     
  3.492900000000000E-002  0.539801000000000     
  3.536800000000000E-002  0.546591000000000     
  3.581300000000000E-002  0.553467000000000     
  3.626400000000000E-002  0.560430000000000     
  3.672000000000000E-002  0.567480000000000     
  3.718200000000000E-002  0.574619000000000     
  3.764900000000000E-002  0.581847000000000     
  3.812300000000000E-002  0.589167000000000     
  3.860200000000000E-002  0.596579000000000     
  3.908800000000000E-002  0.604083000000000     
  3.958000000000000E-002  0.611683000000000     
  4.007700000000000E-002  0.619378000000000     
  4.058200000000000E-002  0.627169000000000     
  4.109200000000000E-002  0.635059000000000     
  4.160900000000000E-002  0.643048000000000     
  4.213200000000000E-002  0.651137000000000     
  4.266200000000000E-002  0.659328000000000     
  4.319900000000000E-002  0.667623000000000     
  4.374200000000000E-002  0.676021000000000     
  4.429200000000000E-002  0.684525000000000     
  4.485000000000000E-002  0.693136000000000     
  4.541400000000000E-002  0.701856000000000     
  4.598500000000000E-002  0.710685000000000     
  4.656300000000000E-002  0.719625000000000     
  4.714900000000000E-002  0.728677000000000     
  4.774200000000000E-002  0.737843000000000     
  4.834300000000000E-002  0.747125000000000     
  4.895100000000000E-002  0.756523000000000     
  4.956600000000000E-002  0.766040000000000     
  5.019000000000000E-002  0.775676000000000     
  5.082100000000000E-002  0.785433000000000     
  5.146000000000000E-002  0.795312000000000     
  5.210800000000000E-002  0.805316000000000     
  5.276300000000000E-002  0.815446000000000     
  5.342700000000000E-002  0.825703000000000     
  5.409900000000000E-002  0.836089000000000     
  5.477900000000000E-002  0.846605000000000     
  5.546800000000000E-002  0.857254000000000     
  5.616600000000000E-002  0.868036000000000     
  5.687300000000000E-002  0.878954000000000     
  5.758800000000000E-002  0.890009000000000     
  5.831200000000000E-002  0.901203000000000     
  5.904600000000000E-002  0.912537000000000     
  5.978900000000000E-002  0.924014000000000     
  6.054100000000000E-002  0.935634000000000     
  6.130200000000000E-002  0.947401000000000     
  6.207300000000000E-002  0.959315000000000     
  6.285399999999999E-002  0.971379000000000     
  6.364499999999999E-002  0.983594000000000     
  6.444500000000000E-002  0.995962000000000     
  6.525599999999999E-002   1.00848600000000     
  6.607700000000000E-002   1.02116600000000     
  6.690800000000000E-002   1.03400600000000     
  6.774900000000000E-002   1.04700600000000     
  6.860100000000000E-002   1.06016900000000     
  6.946400000000000E-002   1.07349700000000     
  7.033800000000000E-002   1.08699200000000     
  7.122299999999999E-002   1.10065600000000     
  7.211900000000000E-002   1.11449200000000     
  7.302599999999999E-002   1.12850000000000     
  7.394400000000000E-002   1.14268300000000     
  7.487500000000000E-002   1.15704400000000     
  7.581599999999999E-002   1.17158400000000     
  7.677000000000000E-002   1.18630600000000     
  7.773600000000000E-002   1.20121200000000     
  7.871300000000001E-002   1.21630400000000     
  7.970400000000000E-002   1.23158400000000     
  8.070600000000000E-002   1.24705500000000     
  8.172100000000000E-002   1.26271900000000     
  8.274900000000000E-002   1.27857800000000     
  8.379000000000000E-002   1.29463400000000     
  8.484400000000000E-002   1.31089100000000     
  8.591100000000000E-002   1.32734900000000     
  8.699200000000000E-002   1.34401200000000     
  8.808600000000000E-002   1.36088200000000     
  8.919400000000000E-002   1.37796200000000     
  9.031599999999999E-002   1.39525300000000     
  9.145200000000001E-002   1.41275800000000     
  9.260200000000000E-002   1.43048000000000     
  9.376700000000000E-002   1.44842200000000     
  9.494700000000000E-002   1.46658500000000     
  9.614100000000000E-002   1.48497300000000     
  9.735000000000001E-002   1.50358700000000     
  9.857500000000000E-002   1.52243000000000     
  9.981500000000000E-002   1.54150600000000     
  0.101070000000000        1.56081500000000     
  0.102341000000000        1.58036200000000     
  0.103629000000000        1.60014900000000     
  0.104932000000000        1.62017700000000     
  0.106252000000000        1.64045000000000     
  0.107588000000000        1.66097100000000     
  0.108942000000000        1.68174100000000     
  0.110312000000000        1.70276400000000     
  0.111700000000000        1.72404200000000     
  0.113105000000000        1.74557800000000     
  0.114527000000000        1.76737400000000     
  0.115968000000000        1.78943300000000     
  0.117427000000000        1.81175700000000     
  0.118904000000000        1.83435000000000     
  0.120399000000000        1.85721200000000     
  0.121914000000000        1.88034800000000     
  0.123447000000000        1.90375800000000     
  0.125000000000000        1.92744700000000     
  0.126572000000000        1.95141600000000     
  0.128164000000000        1.97566700000000     
  0.129776000000000        2.00020300000000     
  0.131409000000000        2.02502600000000     
  0.133062000000000        2.05013900000000     
  0.134736000000000        2.07554300000000     
  0.136430000000000        2.10124000000000     
  0.138146000000000        2.12723400000000     
  0.139884000000000        2.15352400000000     
  0.141644000000000        2.18011400000000     
  0.143425000000000        2.20700500000000     
  0.145229000000000        2.23419800000000     
  0.147056000000000        2.26169600000000     
  0.148906000000000        2.28949900000000     
  0.150779000000000        2.31761000000000     
  0.152675000000000        2.34602800000000     
  0.154596000000000        2.37475500000000     
  0.156540000000000        2.40379100000000     
  0.158509000000000        2.43313800000000     
  0.160503000000000        2.46279600000000     
  0.162522000000000        2.49276500000000     
  0.164566000000000        2.52304500000000     
  0.166636000000000        2.55363500000000     
  0.168732000000000        2.58453600000000     
  0.170855000000000        2.61574600000000     
  0.173004000000000        2.64726500000000     
  0.175180000000000        2.67909000000000     
  0.177383000000000        2.71122100000000     
  0.179615000000000        2.74365500000000     
  0.181874000000000        2.77639000000000     
  0.184162000000000        2.80942300000000     
  0.186478000000000        2.84275000000000     
  0.188824000000000        2.87636800000000     
  0.191199000000000        2.91027300000000     
  0.193604000000000        2.94446100000000     
  0.196039000000000        2.97892400000000     
  0.198505000000000        3.01365900000000     
  0.201002000000000        3.04865800000000     
  0.203530000000000        3.08391400000000     
  0.206090000000000        3.11942000000000     
  0.208682000000000        3.15516600000000     
  0.211307000000000        3.19114400000000     
  0.213965000000000        3.22734400000000     
  0.216657000000000        3.26375400000000     
  0.219382000000000        3.30036200000000     
  0.222141000000000        3.33715600000000     
  0.224936000000000        3.37412200000000     
  0.227765000000000        3.41124400000000     
  0.230630000000000        3.44850700000000     
  0.233531000000000        3.48589400000000     
  0.236468000000000        3.52338500000000     
  0.239443000000000        3.56096100000000     
  0.242454000000000        3.59860000000000     
  0.245504000000000        3.63628100000000     
  0.248592000000000        3.67397800000000     
  0.251719000000000        3.71166600000000     
  0.254885000000000        3.74931700000000     
  0.258091000000000        3.78690200000000     
  0.261338000000000        3.82439000000000     
  0.264625000000000        3.86174700000000     
  0.267954000000000        3.89894000000000     
  0.271324000000000        3.93592900000000     
  0.274737000000000        3.97267700000000     
  0.278193000000000        4.00914100000000     
  0.281692000000000        4.04527800000000     
  0.285235000000000        4.08104000000000     
  0.288823000000000        4.11638000000000     
  0.292456000000000        4.15124400000000     
  0.296134000000000        4.18557900000000     
  0.299859000000000        4.21932700000000     
  0.303631000000000        4.25242800000000     
  0.307450000000000        4.28481800000000     
  0.311318000000000        4.31643100000000     
  0.315234000000000        4.34719800000000     
  0.319199000000000        4.37704500000000     
  0.323214000000000        4.40589600000000     
  0.327279000000000        4.43367200000000     
  0.331396000000000        4.46028800000000     
  0.335564000000000        4.48565800000000     
  0.339785000000000        4.50969100000000     
  0.344059000000000        4.53229400000000     
  0.348387000000000        4.55336800000000     
  0.352769000000000        4.57281200000000     
  0.357206000000000        4.59052100000000     
  0.361699000000000        4.60638500000000     
  0.366249000000000        4.62029300000000     
  0.370856000000000        4.63212800000000     
  0.375521000000000        4.64177000000000     
  0.380244000000000        4.64909800000000     
  0.385027000000000        4.65398500000000     
  0.389870000000000        4.65630200000000     
  0.394774000000000        4.65591800000000     
  0.399740000000000        4.65269800000000     
  0.404768000000000        4.64650700000000     
  0.409859000000000        4.63720600000000     
  0.415015000000000        4.62465600000000     
  0.420235000000000        4.60871700000000     
  0.425521000000000        4.58924800000000     
  0.430873000000000        4.56610800000000     
  0.436293000000000        4.53915900000000     
  0.441781000000000        4.50826200000000     
  0.447338000000000        4.47328100000000     
  0.452964000000000        4.43408500000000     
  0.458662000000000        4.39054600000000     
  0.464431000000000        4.34254000000000     
  0.470273000000000        4.28995300000000     
  0.476188000000000        4.23267500000000     
  0.482178000000000        4.17060700000000     
  0.488243000000000        4.10366000000000     
  0.494385000000000        4.03175700000000     
  0.500603000000000        3.95483500000000     
  0.506900000000000        3.87284400000000     
  0.513276000000000        3.78575400000000     
  0.519732000000000        3.69355100000000     
  0.526270000000000        3.59624400000000     
  0.532889000000000        3.49386000000000     
  0.539592000000000        3.38645700000000     
  0.546379000000000        3.27411200000000     
  0.553252000000000        3.15693700000000     
  0.560211000000000        3.03506900000000     
  0.567258000000000        2.90868100000000     
  0.574393000000000        2.77797600000000     
  0.581618000000000        2.64319600000000     
  0.588934000000000        2.50461800000000     
  0.596342000000000        2.36255700000000     
  0.603843000000000        2.21737000000000     
  0.611438000000000        2.06945200000000     
  0.619129000000000        1.91923800000000     
  0.626917000000000        1.76720700000000     
  0.634802000000000        1.61387500000000     
  0.642787000000000        1.45980000000000     
  0.650872000000000        1.30557700000000     
  0.659059000000000        1.15183600000000     
  0.667349000000000       0.999243000000000     
  0.675744000000000       0.848492000000000     
  0.684243000000000       0.700303000000000     
  0.692850000000000       0.555418000000000     
  0.701565000000000       0.414593000000000     
  0.710390000000000       0.278593000000000     
  0.719325000000000       0.148182000000000     
  0.728373000000000       2.412000000000000E-002
  0.737535000000000      -9.285300000000000E-002
  0.746812000000000      -0.202022000000000     
  0.756206000000000      -0.302708000000000     
  0.765718000000000      -0.394282000000000     
  0.775349000000000      -0.476176000000000     
  0.785102000000000      -0.547892000000000     
  0.794977000000000      -0.609017000000000     
  0.804977000000000      -0.659236000000000     
  0.815102000000000      -0.698342000000000     
  0.825355000000000      -0.726248000000000     
  0.835737000000000      -0.742998000000000     
  0.846249000000000      -0.748776000000000     
  0.856894000000000      -0.743915000000000     
  0.867672000000000      -0.728904000000000     
  0.878586000000000      -0.704389000000000     
  0.889637000000000      -0.671175000000000     
  0.900827000000000      -0.630228000000000     
  0.912158000000000      -0.582663000000000     
  0.923632000000000      -0.529739000000000     
  0.935250000000000      -0.472840000000000     
  0.947014000000000      -0.413457000000000     
  0.958926000000000      -0.353159000000000     
  0.970988000000000      -0.293558000000000     
  0.983201000000000      -0.236265000000000     
  0.995568000000000      -0.182839000000000     
   1.00809100000000      -0.134720000000000     
   1.02077100000000      -9.315300000000000E-002
   1.03361100000000      -5.909800000000000E-002
   1.04661200000000      -3.312300000000000E-002
   1.05977700000000      -1.527500000000000E-002
   1.07310700000000      -4.941000000000000E-003
   1.08660500000000      -6.730000000000000E-004
   1.10027300000000       0.000000000000000E+000
   1.11411300000000       0.000000000000000E+000
   1.12812700000000       0.000000000000000E+000
   1.14231700000000       0.000000000000000E+000
   1.15668500000000       0.000000000000000E+000
   1.17123500000000       0.000000000000000E+000
   1.18596700000000       0.000000000000000E+000
   1.20088500000000       0.000000000000000E+000
   1.21599000000000       0.000000000000000E+000
   1.23128500000000       0.000000000000000E+000
   1.24677300000000       0.000000000000000E+000
   1.26245500000000       0.000000000000000E+000
   1.27833500000000       0.000000000000000E+000
   1.29441400000000       0.000000000000000E+000
   1.31069600000000       0.000000000000000E+000
   1.32718300000000       0.000000000000000E+000
   1.34387700000000       0.000000000000000E+000
   1.36078100000000       0.000000000000000E+000
   1.37789700000000       0.000000000000000E+000
   1.39522900000000       0.000000000000000E+000
   1.41277900000000       0.000000000000000E+000
   1.43054900000000       0.000000000000000E+000
   1.44854300000000       0.000000000000000E+000
   1.46676400000000       0.000000000000000E+000
   1.48521300000000       0.000000000000000E+000
   1.50389500000000       0.000000000000000E+000
   1.52281200000000       0.000000000000000E+000
   1.54196600000000       0.000000000000000E+000
   1.56136200000000       0.000000000000000E+000
   1.58100100000000       0.000000000000000E+000
   1.60088800000000       0.000000000000000E+000
   1.62102500000000       0.000000000000000E+000
   1.64141500000000       0.000000000000000E+000
   1.66206100000000       0.000000000000000E+000
   1.68296700000000       0.000000000000000E+000
   1.70413600000000       0.000000000000000E+000
   1.72557200000000       0.000000000000000E+000
   1.74727700000000       0.000000000000000E+000
   1.76925500000000       0.000000000000000E+000
   1.79150900000000       0.000000000000000E+000
   1.81404400000000       0.000000000000000E+000
   1.83686200000000       0.000000000000000E+000
   1.85996600000000       0.000000000000000E+000
   1.88336200000000       0.000000000000000E+000
   1.90705200000000       0.000000000000000E+000
   1.93103900000000       0.000000000000000E+000
   1.95532900000000       0.000000000000000E+000
   1.97992400000000       0.000000000000000E+000
   2.00482800000000       0.000000000000000E+000
   2.03004600000000       0.000000000000000E+000
   2.05558100000000       0.000000000000000E+000
   2.08143700000000       0.000000000000000E+000
   2.10761800000000       0.000000000000000E+000
   2.13412900000000       0.000000000000000E+000
   2.16097300000000       0.000000000000000E+000
   2.18815400000000       0.000000000000000E+000
   2.21567800000000       0.000000000000000E+000
   2.24354800000000       0.000000000000000E+000
   2.27176800000000       0.000000000000000E+000
   2.30034300000000       0.000000000000000E+000
   2.32927800000000       0.000000000000000E+000
   2.35857700000000       0.000000000000000E+000
   2.38824400000000       0.000000000000000E+000
   2.41828500000000       0.000000000000000E+000
   2.44870300000000       0.000000000000000E+000
   2.47950400000000       0.000000000000000E+000
   2.51069200000000       0.000000000000000E+000
   2.54227300000000       0.000000000000000E+000
   2.57425100000000       0.000000000000000E+000
   2.60663100000000       0.000000000000000E+000
   2.63941800000000       0.000000000000000E+000
   2.67261800000000       0.000000000000000E+000
   2.70623500000000       0.000000000000000E+000
   2.74027500000000       0.000000000000000E+000
   2.77474400000000       0.000000000000000E+000
   2.80964600000000       0.000000000000000E+000
   2.84498700000000       0.000000000000000E+000
   2.88077200000000       0.000000000000000E+000
   2.91700800000000       0.000000000000000E+000
   2.95370000000000       0.000000000000000E+000
   2.99085200000000       0.000000000000000E+000
   3.02847300000000       0.000000000000000E+000
   3.06656600000000       0.000000000000000E+000
   3.10513900000000       0.000000000000000E+000
   3.14419700000000       0.000000000000000E+000
   3.18374600000000       0.000000000000000E+000
   3.22379200000000       0.000000000000000E+000
   3.26434300000000       0.000000000000000E+000
   3.30540300000000       0.000000000000000E+000
   3.34698000000000       0.000000000000000E+000
   3.38908000000000       0.000000000000000E+000
   3.43170900000000       0.000000000000000E+000
   3.47487500000000       0.000000000000000E+000
   3.51858300000000       0.000000000000000E+000
   3.56284200000000       0.000000000000000E+000
   3.60765700000000       0.000000000000000E+000
   3.65303500000000       0.000000000000000E+000
   3.69898500000000       0.000000000000000E+000
   3.74551300000000       0.000000000000000E+000
   3.79262500000000       0.000000000000000E+000
   3.84033100000000       0.000000000000000E+000
   3.88863600000000       0.000000000000000E+000
   3.93754900000000       0.000000000000000E+000
   3.98707700000000       0.000000000000000E+000
   4.03722900000000       0.000000000000000E+000
   4.08801100000000       0.000000000000000E+000
   4.13943100000000       0.000000000000000E+000
   4.19149900000000       0.000000000000000E+000
   4.24422200000000       0.000000000000000E+000
   4.29760700000000       0.000000000000000E+000
   4.35166500000000       0.000000000000000E+000
   4.40640200000000       0.000000000000000E+000
   4.46182800000000       0.000000000000000E+000
   4.51795000000000       0.000000000000000E+000
   4.57477900000000       0.000000000000000E+000
   4.63232300000000       0.000000000000000E+000
   4.69059000000000       0.000000000000000E+000
   4.74959100000000       0.000000000000000E+000
   4.80933300000000       0.000000000000000E+000
   4.86982700000000       0.000000000000000E+000
   4.93108200000000       0.000000000000000E+000
   4.99310700000000       0.000000000000000E+000
   5.05591300000000       0.000000000000000E+000
   5.11950900000000       0.000000000000000E+000
   5.18390400000000       0.000000000000000E+000
   5.24911000000000       0.000000000000000E+000
   5.31513500000000       0.000000000000000E+000
   5.38199100000000       0.000000000000000E+000
   5.44968900000000       0.000000000000000E+000
   5.51823700000000       0.000000000000000E+000
   5.58764800000000       0.000000000000000E+000
   5.65793200000000       0.000000000000000E+000
   5.72910000000000       0.000000000000000E+000
   5.80116300000000       0.000000000000000E+000
   5.87413300000000       0.000000000000000E+000
   5.94802000000000       0.000000000000000E+000
   6.02283700000000       0.000000000000000E+000
   6.09859500000000       0.000000000000000E+000
   6.17530600000000       0.000000000000000E+000
   6.25298200000000       0.000000000000000E+000
   6.33163500000000       0.000000000000000E+000
   6.41127700000000       0.000000000000000E+000
   6.49192100000000       0.000000000000000E+000
   6.57357900000000       0.000000000000000E+000
   6.65626500000000       0.000000000000000E+000
   6.73999000000000       0.000000000000000E+000
   6.82476900000000       0.000000000000000E+000
   6.91061400000000       0.000000000000000E+000
   6.99753900000000       0.000000000000000E+000
   7.08555700000000       0.000000000000000E+000
   7.17468200000000       0.000000000000000E+000
   7.26492900000000       0.000000000000000E+000
   7.35631000000000       0.000000000000000E+000
   7.44884100000000       0.000000000000000E+000
   7.54253600000000       0.000000000000000E+000
   7.63740900000000       0.000000000000000E+000
   7.73347600000000       0.000000000000000E+000
   7.83075100000000       0.000000000000000E+000
   7.92925000000000       0.000000000000000E+000
   8.02898800000000       0.000000000000000E+000
   8.12998000000000       0.000000000000000E+000
   8.23224300000000       0.000000000000000E+000
   8.33579100000000       0.000000000000000E+000
   8.44064300000000       0.000000000000000E+000
   8.54681300000000       0.000000000000000E+000
   8.65431900000000       0.000000000000000E+000
   8.76317700000000       0.000000000000000E+000
   8.87340400000000       0.000000000000000E+000
   8.98501700000000       0.000000000000000E+000
   9.09803500000000       0.000000000000000E+000
   9.21247400000000       0.000000000000000E+000
   9.32835300000000       0.000000000000000E+000
   9.44568900000000       0.000000000000000E+000
   9.56450100000000       0.000000000000000E+000
   9.68480800000000       0.000000000000000E+000
   9.80662800000000       0.000000000000000E+000
   9.92998000000000       0.000000000000000E+000
   10.0548840000000       0.000000000000000E+000
   10.1813590000000       0.000000000000000E+000
   10.3094240000000       0.000000000000000E+000
   10.4391010000000       0.000000000000000E+000
   10.5704090000000       0.000000000000000E+000
   10.7033680000000       0.000000000000000E+000
   10.8380000000000       0.000000000000000E+000
   10.9743250000000       0.000000000000000E+000
   11.1123650000000       0.000000000000000E+000
   11.2521410000000       0.000000000000000E+000
   11.3936760000000       0.000000000000000E+000
   11.5369910000000       0.000000000000000E+000
   11.6821080000000       0.000000000000000E+000
   11.8290510000000       0.000000000000000E+000
   11.9778420000000       0.000000000000000E+000
   12.1285050000000       0.000000000000000E+000
   12.2810630000000       0.000000000000000E+000
   12.4355390000000       0.000000000000000E+000
   12.5919590000000       0.000000000000000E+000
   12.7503470000000       0.000000000000000E+000
   12.9107260000000       0.000000000000000E+000
   13.0731230000000       0.000000000000000E+000
   13.2375630000000       0.000000000000000E+000
   13.4040710000000       0.000000000000000E+000
   13.5726730000000       0.000000000000000E+000
   13.7433970000000       0.000000000000000E+000
   13.9162670000000       0.000000000000000E+000
   14.0913120000000       0.000000000000000E+000
   14.2685590000000       0.000000000000000E+000
   14.4480360000000       0.000000000000000E+000
   14.6297690000000       0.000000000000000E+000
   14.8137890000000       0.000000000000000E+000
   15.0001240000000       0.000000000000000E+000
   15.1888020000000       0.000000000000000E+000
   15.3798540000000       0.000000000000000E+000
   15.5733090000000       0.000000000000000E+000
   15.7691970000000       0.000000000000000E+000
   15.9675490000000       0.000000000000000E+000
   16.1683960000000       0.000000000000000E+000
   16.3717690000000       0.000000000000000E+000
   16.5777010000000       0.000000000000000E+000
   16.7862220000000       0.000000000000000E+000
   16.9973670000000       0.000000000000000E+000
   17.2111680000000       0.000000000000000E+000
   17.4276580000000       0.000000000000000E+000
   17.6468700000000       0.000000000000000E+000
   17.8688410000000       0.000000000000000E+000
   18.0936030000000       0.000000000000000E+000
   18.3211930000000       0.000000000000000E+000
   18.5516450000000       0.000000000000000E+000
   18.7849960000000       0.000000000000000E+000
   19.0212820000000       0.000000000000000E+000
   19.2605400000000       0.000000000000000E+000
   19.5028080000000       0.000000000000000E+000
   19.7481230000000       0.000000000000000E+000
   19.9965240000000       0.000000000000000E+000
   20.2480490000000       0.000000000000000E+000
   20.5027380000000       0.000000000000000E+000
   20.7606310000000       0.000000000000000E+000
   21.0217680000000       0.000000000000000E+000
   21.2861890000000       0.000000000000000E+000
   21.5539360000000       0.000000000000000E+000
   21.8250510000000       0.000000000000000E+000
   22.0995770000000       0.000000000000000E+000
   22.3775550000000       0.000000000000000E+000
   22.6590300000000       0.000000000000000E+000
   22.9440460000000       0.000000000000000E+000
   23.2326460000000       0.000000000000000E+000
   23.5248770000000       0.000000000000000E+000
   23.8207840000000       0.000000000000000E+000
   24.1204120000000       0.000000000000000E+000
   24.4238100000000       0.000000000000000E+000
   24.7310230000000       0.000000000000000E+000
   25.0421010000000       0.000000000000000E+000
   25.3570920000000       0.000000000000000E+000
   25.6760450000000       0.000000000000000E+000
   25.9990100000000       0.000000000000000E+000
   26.3260370000000       0.000000000000000E+000
   26.6571780000000       0.000000000000000E+000
   26.9924840000000       0.000000000000000E+000
   27.3320080000000       0.000000000000000E+000
   27.6758020000000       0.000000000000000E+000
   28.0239210000000       0.000000000000000E+000
   28.3764180000000       0.000000000000000E+000
   28.7333500000000       0.000000000000000E+000
   29.0947710000000       0.000000000000000E+000
   29.4607380000000       0.000000000000000E+000
   29.8313080000000       0.000000000000000E+000
   30.2065400000000       0.000000000000000E+000
   30.5864920000000       0.000000000000000E+000
   30.9712220000000       0.000000000000000E+000
   31.3607920000000       0.000000000000000E+000
   31.7552620000000       0.000000000000000E+000
   32.1546940000000       0.000000000000000E+000
   32.5591510000000       0.000000000000000E+000
   32.9686940000000       0.000000000000000E+000
   33.3833900000000       0.000000000000000E+000
   33.8033010000000       0.000000000000000E+000
   34.2284940000000       0.000000000000000E+000
   34.6590360000000       0.000000000000000E+000
   35.0949930000000       0.000000000000000E+000
   35.5364330000000       0.000000000000000E+000
   35.9834270000000       0.000000000000000E+000
   36.4360420000000       0.000000000000000E+000
   36.8943510000000       0.000000000000000E+000
   37.3584250000000       0.000000000000000E+000
   37.8283360000000       0.000000000000000E+000
   38.3041580000000       0.000000000000000E+000
   38.7859650000000       0.000000000000000E+000
   39.2738330000000       0.000000000000000E+000
   39.7678370000000       0.000000000000000E+000
   40.2680540000000       0.000000000000000E+000
   40.7745640000000       0.000000000000000E+000
   41.2874450000000       0.000000000000000E+000
   41.8067770000000       0.000000000000000E+000
   42.3326420000000       0.000000000000000E+000
   42.8651210000000       0.000000000000000E+000
   43.4042980000000       0.000000000000000E+000
   43.9502560000000       0.000000000000000E+000
   44.5030830000000       0.000000000000000E+000
   45.0628620000000       0.000000000000000E+000
   45.6296830000000       0.000000000000000E+000
   46.2036340000000       0.000000000000000E+000
   46.7848040000000       0.000000000000000E+000
   47.3732850000000       0.000000000000000E+000
   47.9691670000000       0.000000000000000E+000
   48.5725450000000       0.000000000000000E+000
   49.1835130000000       0.000000000000000E+000
   49.8021650000000       0.000000000000000E+000
   50.4285990000000       0.000000000000000E+000
   51.0629130000000       0.000000000000000E+000
   51.7052050000000       0.000000000000000E+000
   52.3555770000000       0.000000000000000E+000
   53.0141290000000       0.000000000000000E+000
   53.6809640000000       0.000000000000000E+000
   54.3561880000000       0.000000000000000E+000
   55.0399040000000       0.000000000000000E+000
   55.7322210000000       0.000000000000000E+000
   56.4332460000000       0.000000000000000E+000
   57.1430890000000       0.000000000000000E+000
   57.8618610000000       0.000000000000000E+000
   58.5896730000000       0.000000000000000E+000
   59.3266410000000       0.000000000000000E+000
   60.0728780000000       0.000000000000000E+000
   60.8285020000000       0.000000000000000E+000
   61.5936300000000       0.000000000000000E+000
   62.3683830000000       0.000000000000000E+000
   63.1528800000000       0.000000000000000E+000
   63.9472460000000       0.000000000000000E+000
   64.7516030000000       0.000000000000000E+000
   65.5660780000000       0.000000000000000E+000
   66.3907980000000       0.000000000000000E+000
   67.2258910000000       0.000000000000000E+000
   68.0714890000000       0.000000000000000E+000
   68.9277230000000       0.000000000000000E+000
   69.7947270000000       0.000000000000000E+000
   70.6726360000000       0.000000000000000E+000
   71.5615890000000       0.000000000000000E+000
   72.4617230000000       0.000000000000000E+000
   73.3731790000000       0.000000000000000E+000
   74.2961000000000       0.000000000000000E+000
   75.2306300000000       0.000000000000000E+000
   76.1769150000000       0.000000000000000E+000
   77.1351020000000       0.000000000000000E+000
   78.1053420000000       0.000000000000000E+000
   79.0877870000000       0.000000000000000E+000
   80.0825880000000       0.000000000000000E+000
   81.0899030000000       0.000000000000000E+000
   82.1098890000000       0.000000000000000E+000
   83.1427040000000       0.000000000000000E+000
   84.1885110000000       0.000000000000000E+000
   85.2474720000000       0.000000000000000E+000
   86.3197530000000       0.000000000000000E+000
   87.4055220000000       0.000000000000000E+000
   88.5049480000000       0.000000000000000E+000
   89.6182030000000       0.000000000000000E+000
   90.7454610000000       0.000000000000000E+000
   91.8868990000000       0.000000000000000E+000
   93.0426940000000       0.000000000000000E+000
   94.2130270000000       0.000000000000000E+000
   95.3980810000000       0.000000000000000E+000
   96.5980410000000       0.000000000000000E+000
   97.8130940000000       0.000000000000000E+000
   99.0434320000000       0.000000000000000E+000
